Electoral District Number/Numéro de circonscription,Electoral District Name_English/Nom de circonscription_Anglais,Electoral District Name_French/Nom de circonscription_Français,Polling Station Number/Numéro du bureau de scrutin,Polling Station Name/Nom du bureau de scrutin,Void Poll Indicator/Indicateur de bureau supprimé,No Poll Held Indicator/Indicateur de bureau sans scrutin,Merge With/Fusionné avec,Rejected Ballots for Polling Station/Bulletins rejetés du bureau,Electors for Polling Station/Électeurs du bureau,Candidate’s Family Name/Nom de famille du candidat,Candidate’s Middle Name/Second prénom du candidat,Candidate’s First Name/Prénom du candidat,Political Affiliation Name_English/Appartenance politique_Anglais,Political Affiliation Name_French/Appartenance politique_Français,Incumbent Indicator/Indicateur_Candidat sortant,Elected Candidate Indicator/Indicateur du candidat élu,Candidate Poll Votes Count/Votes du candidat pour le bureau
35063,"Mississauga--Streetsville","Mississauga--Streetsville"," 1","Mississauga",N,N,"",0,537,"Hassan","","Farina","NDP-New Democratic Party","NPD-Nouveau Parti démocratique",N,N,18
35063,"Mississauga--Streetsville","Mississauga--Streetsville"," 1","Mississauga",N,N,"",0,537,"Hill","","Chris","Green Party","Parti Vert",N,N,1
35063,"Mississauga--Streetsville","Mississauga--Streetsville"," 1","Mississauga",N,N,"",0,537,"Rattan","","Jasveen","Conservative","Conservateur",N,N,49
35063,"Mississauga--Streetsville","Mississauga--Streetsville"," 1","Mississauga",N,N,"",0,537,"Spizzirri","","Natalie","Animal Protection Party","Parti Protection Animaux",N,N,2
35063,"Mississauga--Streetsville","Mississauga--Streetsville"," 1","Mississauga",N,N,"",0,537,"Valdez","","Rechie","Liberal","Libéral",N,Y,84
35063,"Mississauga--Streetsville","Mississauga--Streetsville"," 1","Mississauga",N,N,"",0,537,"Wolosz","","Gurdeep","People's Party - PPC","Parti populaire - PPC",N,N,1
35063,"Mississauga--Streetsville","Mississauga--Streetsville"," 2","Mississauga",N,N,"",1,392,"Hassan","","Farina","NDP-New Democratic Party","NPD-Nouveau Parti démocratique",N,N,11
35063,"Mississauga--Streetsville","Mississauga--Streetsville"," 2","Mississauga",N,N,"",1,392,"Hill","","Chris","Green Party","Parti Vert",N,N,2
35063,"Mississauga--Streetsville","Mississauga--Streetsville"," 2","Mississauga",N,N,"",1,392,"Rattan","","Jasveen","Conservative","Conservateur",N,N,33
35063,"Mississauga--Streetsville","Mississauga--Streetsville"," 2","Mississauga",N,N,"",1,392,"Spizzirri","","Natalie","Animal Protection Party","Parti Protection Animaux",N,N,0
35063,"Mississauga--Streetsville","Mississauga--Streetsville"," 2","Mississauga",N,N,"",1,392,"Valdez","","Rechie","Liberal","Libéral",N,Y,71
35063,"Mississauga--Streetsville","Mississauga--Streetsville"," 2","Mississauga",N,N,"",1,392,"Wolosz","","Gurdeep","People's Party - PPC","Parti populaire - PPC",N,N,4
35063,"Mississauga--Streetsville","Mississauga--Streetsville"," 3","Mississauga",N,N,"",1,519,"Hassan","","Farina","NDP-New Democratic Party","NPD-Nouveau Parti démocratique",N,N,32
35063,"Mississauga--Streetsville","Mississauga--Streetsville"," 3","Mississauga",N,N,"",1,519,"Hill","","Chris","Green Party","Parti Vert",N,N,1
35063,"Mississauga--Streetsville","Mississauga--Streetsville"," 3","Mississauga",N,N,"",1,519,"Rattan","","Jasveen","Conservative","Conservateur",N,N,52
35063,"Mississauga--Streetsville","Mississauga--Streetsville"," 3","Mississauga",N,N,"",1,519,"Spizzirri","","Natalie","Animal Protection Party","Parti Protection Animaux",N,N,0
35063,"Mississauga--Streetsville","Mississauga--Streetsville"," 3","Mississauga",N,N,"",1,519,"Valdez","","Rechie","Liberal","Libéral",N,Y,83
35063,"Mississauga--Streetsville","Mississauga--Streetsville"," 3","Mississauga",N,N,"",1,519,"Wolosz","","Gurdeep","People's Party - PPC","Parti populaire - PPC",N,N,7
35063,"Mississauga--Streetsville","Mississauga--Streetsville"," 4","Mississauga",N,N,"",0,379,"Hassan","","Farina","NDP-New Democratic Party","NPD-Nouveau Parti démocratique",N,N,18
35063,"Mississauga--Streetsville","Mississauga--Streetsville"," 4","Mississauga",N,N,"",0,379,"Hill","","Chris","Green Party","Parti Vert",N,N,0
35063,"Mississauga--Streetsville","Mississauga--Streetsville"," 4","Mississauga",N,N,"",0,379,"Rattan","","Jasveen","Conservative","Conservateur",N,N,46
35063,"Mississauga--Streetsville","Mississauga--Streetsville"," 4","Mississauga",N,N,"",0,379,"Spizzirri","","Natalie","Animal Protection Party","Parti Protection Animaux",N,N,0
35063,"Mississauga--Streetsville","Mississauga--Streetsville"," 4","Mississauga",N,N,"",0,379,"Valdez","","Rechie","Liberal","Libéral",N,Y,66
35063,"Mississauga--Streetsville","Mississauga--Streetsville"," 4","Mississauga",N,N,"",0,379,"Wolosz","","Gurdeep","People's Party - PPC","Parti populaire - PPC",N,N,2
35063,"Mississauga--Streetsville","Mississauga--Streetsville"," 5","Mississauga",N,N,"",1,580,"Hassan","","Farina","NDP-New Democratic Party","NPD-Nouveau Parti démocratique",N,N,26
35063,"Mississauga--Streetsville","Mississauga--Streetsville"," 5","Mississauga",N,N,"",1,580,"Hill","","Chris","Green Party","Parti Vert",N,N,0
35063,"Mississauga--Streetsville","Mississauga--Streetsville"," 5","Mississauga",N,N,"",1,580,"Rattan","","Jasveen","Conservative","Conservateur",N,N,60
35063,"Mississauga--Streetsville","Mississauga--Streetsville"," 5","Mississauga",N,N,"",1,580,"Spizzirri","","Natalie","Animal Protection Party","Parti Protection Animaux",N,N,1
35063,"Mississauga--Streetsville","Mississauga--Streetsville"," 5","Mississauga",N,N,"",1,580,"Valdez","","Rechie","Liberal","Libéral",N,Y,88
35063,"Mississauga--Streetsville","Mississauga--Streetsville"," 5","Mississauga",N,N,"",1,580,"Wolosz","","Gurdeep","People's Party - PPC","Parti populaire - PPC",N,N,7
35063,"Mississauga--Streetsville","Mississauga--Streetsville"," 6","Mississauga",N,N,"",1,572,"Hassan","","Farina","NDP-New Democratic Party","NPD-Nouveau Parti démocratique",N,N,31
35063,"Mississauga--Streetsville","Mississauga--Streetsville"," 6","Mississauga",N,N,"",1,572,"Hill","","Chris","Green Party","Parti Vert",N,N,2
35063,"Mississauga--Streetsville","Mississauga--Streetsville"," 6","Mississauga",N,N,"",1,572,"Rattan","","Jasveen","Conservative","Conservateur",N,N,80
35063,"Mississauga--Streetsville","Mississauga--Streetsville"," 6","Mississauga",N,N,"",1,572,"Spizzirri","","Natalie","Animal Protection Party","Parti Protection Animaux",N,N,1
35063,"Mississauga--Streetsville","Mississauga--Streetsville"," 6","Mississauga",N,N,"",1,572,"Valdez","","Rechie","Liberal","Libéral",N,Y,82
35063,"Mississauga--Streetsville","Mississauga--Streetsville"," 6","Mississauga",N,N,"",1,572,"Wolosz","","Gurdeep","People's Party - PPC","Parti populaire - PPC",N,N,6
35063,"Mississauga--Streetsville","Mississauga--Streetsville"," 7","Mississauga",N,N,"",3,600,"Hassan","","Farina","NDP-New Democratic Party","NPD-Nouveau Parti démocratique",N,N,15
35063,"Mississauga--Streetsville","Mississauga--Streetsville"," 7","Mississauga",N,N,"",3,600,"Hill","","Chris","Green Party","Parti Vert",N,N,4
35063,"Mississauga--Streetsville","Mississauga--Streetsville"," 7","Mississauga",N,N,"",3,600,"Rattan","","Jasveen","Conservative","Conservateur",N,N,74
35063,"Mississauga--Streetsville","Mississauga--Streetsville"," 7","Mississauga",N,N,"",3,600,"Spizzirri","","Natalie","Animal Protection Party","Parti Protection Animaux",N,N,0
35063,"Mississauga--Streetsville","Mississauga--Streetsville"," 7","Mississauga",N,N,"",3,600,"Valdez","","Rechie","Liberal","Libéral",N,Y,110
35063,"Mississauga--Streetsville","Mississauga--Streetsville"," 7","Mississauga",N,N,"",3,600,"Wolosz","","Gurdeep","People's Party - PPC","Parti populaire - PPC",N,N,2
35063,"Mississauga--Streetsville","Mississauga--Streetsville"," 8","Mississauga",N,N,"",0,391,"Hassan","","Farina","NDP-New Democratic Party","NPD-Nouveau Parti démocratique",N,N,22
35063,"Mississauga--Streetsville","Mississauga--Streetsville"," 8","Mississauga",N,N,"",0,391,"Hill","","Chris","Green Party","Parti Vert",N,N,2
35063,"Mississauga--Streetsville","Mississauga--Streetsville"," 8","Mississauga",N,N,"",0,391,"Rattan","","Jasveen","Conservative","Conservateur",N,N,53
35063,"Mississauga--Streetsville","Mississauga--Streetsville"," 8","Mississauga",N,N,"",0,391,"Spizzirri","","Natalie","Animal Protection Party","Parti Protection Animaux",N,N,1
35063,"Mississauga--Streetsville","Mississauga--Streetsville"," 8","Mississauga",N,N,"",0,391,"Valdez","","Rechie","Liberal","Libéral",N,Y,72
35063,"Mississauga--Streetsville","Mississauga--Streetsville"," 8","Mississauga",N,N,"",0,391,"Wolosz","","Gurdeep","People's Party - PPC","Parti populaire - PPC",N,N,2
35063,"Mississauga--Streetsville","Mississauga--Streetsville"," 9","Mississauga",N,N,"",3,557,"Hassan","","Farina","NDP-New Democratic Party","NPD-Nouveau Parti démocratique",N,N,25
35063,"Mississauga--Streetsville","Mississauga--Streetsville"," 9","Mississauga",N,N,"",3,557,"Hill","","Chris","Green Party","Parti Vert",N,N,0
35063,"Mississauga--Streetsville","Mississauga--Streetsville"," 9","Mississauga",N,N,"",3,557,"Rattan","","Jasveen","Conservative","Conservateur",N,N,59
35063,"Mississauga--Streetsville","Mississauga--Streetsville"," 9","Mississauga",N,N,"",3,557,"Spizzirri","","Natalie","Animal Protection Party","Parti Protection Animaux",N,N,3
35063,"Mississauga--Streetsville","Mississauga--Streetsville"," 9","Mississauga",N,N,"",3,557,"Valdez","","Rechie","Liberal","Libéral",N,Y,60
35063,"Mississauga--Streetsville","Mississauga--Streetsville"," 9","Mississauga",N,N,"",3,557,"Wolosz","","Gurdeep","People's Party - PPC","Parti populaire - PPC",N,N,5
35063,"Mississauga--Streetsville","Mississauga--Streetsville"," 10","Mississauga",N,N,"",2,502,"Hassan","","Farina","NDP-New Democratic Party","NPD-Nouveau Parti démocratique",N,N,7
35063,"Mississauga--Streetsville","Mississauga--Streetsville"," 10","Mississauga",N,N,"",2,502,"Hill","","Chris","Green Party","Parti Vert",N,N,0
35063,"Mississauga--Streetsville","Mississauga--Streetsville"," 10","Mississauga",N,N,"",2,502,"Rattan","","Jasveen","Conservative","Conservateur",N,N,43
35063,"Mississauga--Streetsville","Mississauga--Streetsville"," 10","Mississauga",N,N,"",2,502,"Spizzirri","","Natalie","Animal Protection Party","Parti Protection Animaux",N,N,2
35063,"Mississauga--Streetsville","Mississauga--Streetsville"," 10","Mississauga",N,N,"",2,502,"Valdez","","Rechie","Liberal","Libéral",N,Y,78
35063,"Mississauga--Streetsville","Mississauga--Streetsville"," 10","Mississauga",N,N,"",2,502,"Wolosz","","Gurdeep","People's Party - PPC","Parti populaire - PPC",N,N,3
35063,"Mississauga--Streetsville","Mississauga--Streetsville"," 11","Mississauga",N,N,"",2,430,"Hassan","","Farina","NDP-New Democratic Party","NPD-Nouveau Parti démocratique",N,N,33
35063,"Mississauga--Streetsville","Mississauga--Streetsville"," 11","Mississauga",N,N,"",2,430,"Hill","","Chris","Green Party","Parti Vert",N,N,1
35063,"Mississauga--Streetsville","Mississauga--Streetsville"," 11","Mississauga",N,N,"",2,430,"Rattan","","Jasveen","Conservative","Conservateur",N,N,75
35063,"Mississauga--Streetsville","Mississauga--Streetsville"," 11","Mississauga",N,N,"",2,430,"Spizzirri","","Natalie","Animal Protection Party","Parti Protection Animaux",N,N,1
35063,"Mississauga--Streetsville","Mississauga--Streetsville"," 11","Mississauga",N,N,"",2,430,"Valdez","","Rechie","Liberal","Libéral",N,Y,86
35063,"Mississauga--Streetsville","Mississauga--Streetsville"," 11","Mississauga",N,N,"",2,430,"Wolosz","","Gurdeep","People's Party - PPC","Parti populaire - PPC",N,N,1
35063,"Mississauga--Streetsville","Mississauga--Streetsville"," 12","Mississauga",N,N,"",2,441,"Hassan","","Farina","NDP-New Democratic Party","NPD-Nouveau Parti démocratique",N,N,22
35063,"Mississauga--Streetsville","Mississauga--Streetsville"," 12","Mississauga",N,N,"",2,441,"Hill","","Chris","Green Party","Parti Vert",N,N,5
35063,"Mississauga--Streetsville","Mississauga--Streetsville"," 12","Mississauga",N,N,"",2,441,"Rattan","","Jasveen","Conservative","Conservateur",N,N,57
35063,"Mississauga--Streetsville","Mississauga--Streetsville"," 12","Mississauga",N,N,"",2,441,"Spizzirri","","Natalie","Animal Protection Party","Parti Protection Animaux",N,N,0
35063,"Mississauga--Streetsville","Mississauga--Streetsville"," 12","Mississauga",N,N,"",2,441,"Valdez","","Rechie","Liberal","Libéral",N,Y,77
35063,"Mississauga--Streetsville","Mississauga--Streetsville"," 12","Mississauga",N,N,"",2,441,"Wolosz","","Gurdeep","People's Party - PPC","Parti populaire - PPC",N,N,4
35063,"Mississauga--Streetsville","Mississauga--Streetsville"," 13","Mississauga",N,N,"",0,376,"Hassan","","Farina","NDP-New Democratic Party","NPD-Nouveau Parti démocratique",N,N,22
35063,"Mississauga--Streetsville","Mississauga--Streetsville"," 13","Mississauga",N,N,"",0,376,"Hill","","Chris","Green Party","Parti Vert",N,N,4
35063,"Mississauga--Streetsville","Mississauga--Streetsville"," 13","Mississauga",N,N,"",0,376,"Rattan","","Jasveen","Conservative","Conservateur",N,N,60
35063,"Mississauga--Streetsville","Mississauga--Streetsville"," 13","Mississauga",N,N,"",0,376,"Spizzirri","","Natalie","Animal Protection Party","Parti Protection Animaux",N,N,1
35063,"Mississauga--Streetsville","Mississauga--Streetsville"," 13","Mississauga",N,N,"",0,376,"Valdez","","Rechie","Liberal","Libéral",N,Y,66
35063,"Mississauga--Streetsville","Mississauga--Streetsville"," 13","Mississauga",N,N,"",0,376,"Wolosz","","Gurdeep","People's Party - PPC","Parti populaire - PPC",N,N,0
35063,"Mississauga--Streetsville","Mississauga--Streetsville"," 14","Mississauga",N,N,"",6,439,"Hassan","","Farina","NDP-New Democratic Party","NPD-Nouveau Parti démocratique",N,N,18
35063,"Mississauga--Streetsville","Mississauga--Streetsville"," 14","Mississauga",N,N,"",6,439,"Hill","","Chris","Green Party","Parti Vert",N,N,3
35063,"Mississauga--Streetsville","Mississauga--Streetsville"," 14","Mississauga",N,N,"",6,439,"Rattan","","Jasveen","Conservative","Conservateur",N,N,40
35063,"Mississauga--Streetsville","Mississauga--Streetsville"," 14","Mississauga",N,N,"",6,439,"Spizzirri","","Natalie","Animal Protection Party","Parti Protection Animaux",N,N,1
35063,"Mississauga--Streetsville","Mississauga--Streetsville"," 14","Mississauga",N,N,"",6,439,"Valdez","","Rechie","Liberal","Libéral",N,Y,98
35063,"Mississauga--Streetsville","Mississauga--Streetsville"," 14","Mississauga",N,N,"",6,439,"Wolosz","","Gurdeep","People's Party - PPC","Parti populaire - PPC",N,N,6
35063,"Mississauga--Streetsville","Mississauga--Streetsville"," 15","Mississauga",N,N,"",3,486,"Hassan","","Farina","NDP-New Democratic Party","NPD-Nouveau Parti démocratique",N,N,21
35063,"Mississauga--Streetsville","Mississauga--Streetsville"," 15","Mississauga",N,N,"",3,486,"Hill","","Chris","Green Party","Parti Vert",N,N,3
35063,"Mississauga--Streetsville","Mississauga--Streetsville"," 15","Mississauga",N,N,"",3,486,"Rattan","","Jasveen","Conservative","Conservateur",N,N,78
35063,"Mississauga--Streetsville","Mississauga--Streetsville"," 15","Mississauga",N,N,"",3,486,"Spizzirri","","Natalie","Animal Protection Party","Parti Protection Animaux",N,N,3
35063,"Mississauga--Streetsville","Mississauga--Streetsville"," 15","Mississauga",N,N,"",3,486,"Valdez","","Rechie","Liberal","Libéral",N,Y,126
35063,"Mississauga--Streetsville","Mississauga--Streetsville"," 15","Mississauga",N,N,"",3,486,"Wolosz","","Gurdeep","People's Party - PPC","Parti populaire - PPC",N,N,9
35063,"Mississauga--Streetsville","Mississauga--Streetsville"," 16","Mississauga",N,N,"",3,434,"Hassan","","Farina","NDP-New Democratic Party","NPD-Nouveau Parti démocratique",N,N,24
35063,"Mississauga--Streetsville","Mississauga--Streetsville"," 16","Mississauga",N,N,"",3,434,"Hill","","Chris","Green Party","Parti Vert",N,N,8
35063,"Mississauga--Streetsville","Mississauga--Streetsville"," 16","Mississauga",N,N,"",3,434,"Rattan","","Jasveen","Conservative","Conservateur",N,N,70
35063,"Mississauga--Streetsville","Mississauga--Streetsville"," 16","Mississauga",N,N,"",3,434,"Spizzirri","","Natalie","Animal Protection Party","Parti Protection Animaux",N,N,2
35063,"Mississauga--Streetsville","Mississauga--Streetsville"," 16","Mississauga",N,N,"",3,434,"Valdez","","Rechie","Liberal","Libéral",N,Y,93
35063,"Mississauga--Streetsville","Mississauga--Streetsville"," 16","Mississauga",N,N,"",3,434,"Wolosz","","Gurdeep","People's Party - PPC","Parti populaire - PPC",N,N,14
35063,"Mississauga--Streetsville","Mississauga--Streetsville"," 17","Mississauga",N,N,"",0,424,"Hassan","","Farina","NDP-New Democratic Party","NPD-Nouveau Parti démocratique",N,N,29
35063,"Mississauga--Streetsville","Mississauga--Streetsville"," 17","Mississauga",N,N,"",0,424,"Hill","","Chris","Green Party","Parti Vert",N,N,4
35063,"Mississauga--Streetsville","Mississauga--Streetsville"," 17","Mississauga",N,N,"",0,424,"Rattan","","Jasveen","Conservative","Conservateur",N,N,68
35063,"Mississauga--Streetsville","Mississauga--Streetsville"," 17","Mississauga",N,N,"",0,424,"Spizzirri","","Natalie","Animal Protection Party","Parti Protection Animaux",N,N,0
35063,"Mississauga--Streetsville","Mississauga--Streetsville"," 17","Mississauga",N,N,"",0,424,"Valdez","","Rechie","Liberal","Libéral",N,Y,71
35063,"Mississauga--Streetsville","Mississauga--Streetsville"," 17","Mississauga",N,N,"",0,424,"Wolosz","","Gurdeep","People's Party - PPC","Parti populaire - PPC",N,N,10
35063,"Mississauga--Streetsville","Mississauga--Streetsville"," 18","Mississauga",N,N,"",0,393,"Hassan","","Farina","NDP-New Democratic Party","NPD-Nouveau Parti démocratique",N,N,22
35063,"Mississauga--Streetsville","Mississauga--Streetsville"," 18","Mississauga",N,N,"",0,393,"Hill","","Chris","Green Party","Parti Vert",N,N,6
35063,"Mississauga--Streetsville","Mississauga--Streetsville"," 18","Mississauga",N,N,"",0,393,"Rattan","","Jasveen","Conservative","Conservateur",N,N,58
35063,"Mississauga--Streetsville","Mississauga--Streetsville"," 18","Mississauga",N,N,"",0,393,"Spizzirri","","Natalie","Animal Protection Party","Parti Protection Animaux",N,N,0
35063,"Mississauga--Streetsville","Mississauga--Streetsville"," 18","Mississauga",N,N,"",0,393,"Valdez","","Rechie","Liberal","Libéral",N,Y,69
35063,"Mississauga--Streetsville","Mississauga--Streetsville"," 18","Mississauga",N,N,"",0,393,"Wolosz","","Gurdeep","People's Party - PPC","Parti populaire - PPC",N,N,4
35063,"Mississauga--Streetsville","Mississauga--Streetsville"," 19","Mississauga",N,N,"",2,465,"Hassan","","Farina","NDP-New Democratic Party","NPD-Nouveau Parti démocratique",N,N,23
35063,"Mississauga--Streetsville","Mississauga--Streetsville"," 19","Mississauga",N,N,"",2,465,"Hill","","Chris","Green Party","Parti Vert",N,N,0
35063,"Mississauga--Streetsville","Mississauga--Streetsville"," 19","Mississauga",N,N,"",2,465,"Rattan","","Jasveen","Conservative","Conservateur",N,N,64
35063,"Mississauga--Streetsville","Mississauga--Streetsville"," 19","Mississauga",N,N,"",2,465,"Spizzirri","","Natalie","Animal Protection Party","Parti Protection Animaux",N,N,0
35063,"Mississauga--Streetsville","Mississauga--Streetsville"," 19","Mississauga",N,N,"",2,465,"Valdez","","Rechie","Liberal","Libéral",N,Y,97
35063,"Mississauga--Streetsville","Mississauga--Streetsville"," 19","Mississauga",N,N,"",2,465,"Wolosz","","Gurdeep","People's Party - PPC","Parti populaire - PPC",N,N,0
35063,"Mississauga--Streetsville","Mississauga--Streetsville"," 20","Mississauga",N,N,"",0,429,"Hassan","","Farina","NDP-New Democratic Party","NPD-Nouveau Parti démocratique",N,N,27
35063,"Mississauga--Streetsville","Mississauga--Streetsville"," 20","Mississauga",N,N,"",0,429,"Hill","","Chris","Green Party","Parti Vert",N,N,4
35063,"Mississauga--Streetsville","Mississauga--Streetsville"," 20","Mississauga",N,N,"",0,429,"Rattan","","Jasveen","Conservative","Conservateur",N,N,73
35063,"Mississauga--Streetsville","Mississauga--Streetsville"," 20","Mississauga",N,N,"",0,429,"Spizzirri","","Natalie","Animal Protection Party","Parti Protection Animaux",N,N,3
35063,"Mississauga--Streetsville","Mississauga--Streetsville"," 20","Mississauga",N,N,"",0,429,"Valdez","","Rechie","Liberal","Libéral",N,Y,57
35063,"Mississauga--Streetsville","Mississauga--Streetsville"," 20","Mississauga",N,N,"",0,429,"Wolosz","","Gurdeep","People's Party - PPC","Parti populaire - PPC",N,N,0
35063,"Mississauga--Streetsville","Mississauga--Streetsville"," 21","Mississauga",N,N,"",4,501,"Hassan","","Farina","NDP-New Democratic Party","NPD-Nouveau Parti démocratique",N,N,19
35063,"Mississauga--Streetsville","Mississauga--Streetsville"," 21","Mississauga",N,N,"",4,501,"Hill","","Chris","Green Party","Parti Vert",N,N,4
35063,"Mississauga--Streetsville","Mississauga--Streetsville"," 21","Mississauga",N,N,"",4,501,"Rattan","","Jasveen","Conservative","Conservateur",N,N,86
35063,"Mississauga--Streetsville","Mississauga--Streetsville"," 21","Mississauga",N,N,"",4,501,"Spizzirri","","Natalie","Animal Protection Party","Parti Protection Animaux",N,N,1
35063,"Mississauga--Streetsville","Mississauga--Streetsville"," 21","Mississauga",N,N,"",4,501,"Valdez","","Rechie","Liberal","Libéral",N,Y,101
35063,"Mississauga--Streetsville","Mississauga--Streetsville"," 21","Mississauga",N,N,"",4,501,"Wolosz","","Gurdeep","People's Party - PPC","Parti populaire - PPC",N,N,5
35063,"Mississauga--Streetsville","Mississauga--Streetsville"," 22","Mississauga",N,N,"",1,513,"Hassan","","Farina","NDP-New Democratic Party","NPD-Nouveau Parti démocratique",N,N,25
35063,"Mississauga--Streetsville","Mississauga--Streetsville"," 22","Mississauga",N,N,"",1,513,"Hill","","Chris","Green Party","Parti Vert",N,N,7
35063,"Mississauga--Streetsville","Mississauga--Streetsville"," 22","Mississauga",N,N,"",1,513,"Rattan","","Jasveen","Conservative","Conservateur",N,N,43
35063,"Mississauga--Streetsville","Mississauga--Streetsville"," 22","Mississauga",N,N,"",1,513,"Spizzirri","","Natalie","Animal Protection Party","Parti Protection Animaux",N,N,0
35063,"Mississauga--Streetsville","Mississauga--Streetsville"," 22","Mississauga",N,N,"",1,513,"Valdez","","Rechie","Liberal","Libéral",N,Y,120
35063,"Mississauga--Streetsville","Mississauga--Streetsville"," 22","Mississauga",N,N,"",1,513,"Wolosz","","Gurdeep","People's Party - PPC","Parti populaire - PPC",N,N,7
35063,"Mississauga--Streetsville","Mississauga--Streetsville"," 23","Mississauga",N,N,"",0,399,"Hassan","","Farina","NDP-New Democratic Party","NPD-Nouveau Parti démocratique",N,N,21
35063,"Mississauga--Streetsville","Mississauga--Streetsville"," 23","Mississauga",N,N,"",0,399,"Hill","","Chris","Green Party","Parti Vert",N,N,1
35063,"Mississauga--Streetsville","Mississauga--Streetsville"," 23","Mississauga",N,N,"",0,399,"Rattan","","Jasveen","Conservative","Conservateur",N,N,71
35063,"Mississauga--Streetsville","Mississauga--Streetsville"," 23","Mississauga",N,N,"",0,399,"Spizzirri","","Natalie","Animal Protection Party","Parti Protection Animaux",N,N,0
35063,"Mississauga--Streetsville","Mississauga--Streetsville"," 23","Mississauga",N,N,"",0,399,"Valdez","","Rechie","Liberal","Libéral",N,Y,91
35063,"Mississauga--Streetsville","Mississauga--Streetsville"," 23","Mississauga",N,N,"",0,399,"Wolosz","","Gurdeep","People's Party - PPC","Parti populaire - PPC",N,N,3
35063,"Mississauga--Streetsville","Mississauga--Streetsville"," 24","Mississauga",N,N,"",1,459,"Hassan","","Farina","NDP-New Democratic Party","NPD-Nouveau Parti démocratique",N,N,26
35063,"Mississauga--Streetsville","Mississauga--Streetsville"," 24","Mississauga",N,N,"",1,459,"Hill","","Chris","Green Party","Parti Vert",N,N,3
35063,"Mississauga--Streetsville","Mississauga--Streetsville"," 24","Mississauga",N,N,"",1,459,"Rattan","","Jasveen","Conservative","Conservateur",N,N,62
35063,"Mississauga--Streetsville","Mississauga--Streetsville"," 24","Mississauga",N,N,"",1,459,"Spizzirri","","Natalie","Animal Protection Party","Parti Protection Animaux",N,N,0
35063,"Mississauga--Streetsville","Mississauga--Streetsville"," 24","Mississauga",N,N,"",1,459,"Valdez","","Rechie","Liberal","Libéral",N,Y,101
35063,"Mississauga--Streetsville","Mississauga--Streetsville"," 24","Mississauga",N,N,"",1,459,"Wolosz","","Gurdeep","People's Party - PPC","Parti populaire - PPC",N,N,5
35063,"Mississauga--Streetsville","Mississauga--Streetsville"," 25","Mississauga",N,N,"",0,342,"Hassan","","Farina","NDP-New Democratic Party","NPD-Nouveau Parti démocratique",N,N,21
35063,"Mississauga--Streetsville","Mississauga--Streetsville"," 25","Mississauga",N,N,"",0,342,"Hill","","Chris","Green Party","Parti Vert",N,N,6
35063,"Mississauga--Streetsville","Mississauga--Streetsville"," 25","Mississauga",N,N,"",0,342,"Rattan","","Jasveen","Conservative","Conservateur",N,N,66
35063,"Mississauga--Streetsville","Mississauga--Streetsville"," 25","Mississauga",N,N,"",0,342,"Spizzirri","","Natalie","Animal Protection Party","Parti Protection Animaux",N,N,0
35063,"Mississauga--Streetsville","Mississauga--Streetsville"," 25","Mississauga",N,N,"",0,342,"Valdez","","Rechie","Liberal","Libéral",N,Y,87
35063,"Mississauga--Streetsville","Mississauga--Streetsville"," 25","Mississauga",N,N,"",0,342,"Wolosz","","Gurdeep","People's Party - PPC","Parti populaire - PPC",N,N,4
35063,"Mississauga--Streetsville","Mississauga--Streetsville"," 26","Mississauga",N,N,"",1,409,"Hassan","","Farina","NDP-New Democratic Party","NPD-Nouveau Parti démocratique",N,N,24
35063,"Mississauga--Streetsville","Mississauga--Streetsville"," 26","Mississauga",N,N,"",1,409,"Hill","","Chris","Green Party","Parti Vert",N,N,7
35063,"Mississauga--Streetsville","Mississauga--Streetsville"," 26","Mississauga",N,N,"",1,409,"Rattan","","Jasveen","Conservative","Conservateur",N,N,61
35063,"Mississauga--Streetsville","Mississauga--Streetsville"," 26","Mississauga",N,N,"",1,409,"Spizzirri","","Natalie","Animal Protection Party","Parti Protection Animaux",N,N,2
35063,"Mississauga--Streetsville","Mississauga--Streetsville"," 26","Mississauga",N,N,"",1,409,"Valdez","","Rechie","Liberal","Libéral",N,Y,107
35063,"Mississauga--Streetsville","Mississauga--Streetsville"," 26","Mississauga",N,N,"",1,409,"Wolosz","","Gurdeep","People's Party - PPC","Parti populaire - PPC",N,N,9
35063,"Mississauga--Streetsville","Mississauga--Streetsville"," 27","Mississauga",N,N,"",0,436,"Hassan","","Farina","NDP-New Democratic Party","NPD-Nouveau Parti démocratique",N,N,30
35063,"Mississauga--Streetsville","Mississauga--Streetsville"," 27","Mississauga",N,N,"",0,436,"Hill","","Chris","Green Party","Parti Vert",N,N,4
35063,"Mississauga--Streetsville","Mississauga--Streetsville"," 27","Mississauga",N,N,"",0,436,"Rattan","","Jasveen","Conservative","Conservateur",N,N,53
35063,"Mississauga--Streetsville","Mississauga--Streetsville"," 27","Mississauga",N,N,"",0,436,"Spizzirri","","Natalie","Animal Protection Party","Parti Protection Animaux",N,N,0
35063,"Mississauga--Streetsville","Mississauga--Streetsville"," 27","Mississauga",N,N,"",0,436,"Valdez","","Rechie","Liberal","Libéral",N,Y,100
35063,"Mississauga--Streetsville","Mississauga--Streetsville"," 27","Mississauga",N,N,"",0,436,"Wolosz","","Gurdeep","People's Party - PPC","Parti populaire - PPC",N,N,5
35063,"Mississauga--Streetsville","Mississauga--Streetsville"," 28","Mississauga",N,N,"",3,419,"Hassan","","Farina","NDP-New Democratic Party","NPD-Nouveau Parti démocratique",N,N,10
35063,"Mississauga--Streetsville","Mississauga--Streetsville"," 28","Mississauga",N,N,"",3,419,"Hill","","Chris","Green Party","Parti Vert",N,N,6
35063,"Mississauga--Streetsville","Mississauga--Streetsville"," 28","Mississauga",N,N,"",3,419,"Rattan","","Jasveen","Conservative","Conservateur",N,N,41
35063,"Mississauga--Streetsville","Mississauga--Streetsville"," 28","Mississauga",N,N,"",3,419,"Spizzirri","","Natalie","Animal Protection Party","Parti Protection Animaux",N,N,1
35063,"Mississauga--Streetsville","Mississauga--Streetsville"," 28","Mississauga",N,N,"",3,419,"Valdez","","Rechie","Liberal","Libéral",N,Y,59
35063,"Mississauga--Streetsville","Mississauga--Streetsville"," 28","Mississauga",N,N,"",3,419,"Wolosz","","Gurdeep","People's Party - PPC","Parti populaire - PPC",N,N,6
35063,"Mississauga--Streetsville","Mississauga--Streetsville"," 29","Mississauga",N,N,"",0,370,"Hassan","","Farina","NDP-New Democratic Party","NPD-Nouveau Parti démocratique",N,N,15
35063,"Mississauga--Streetsville","Mississauga--Streetsville"," 29","Mississauga",N,N,"",0,370,"Hill","","Chris","Green Party","Parti Vert",N,N,7
35063,"Mississauga--Streetsville","Mississauga--Streetsville"," 29","Mississauga",N,N,"",0,370,"Rattan","","Jasveen","Conservative","Conservateur",N,N,30
35063,"Mississauga--Streetsville","Mississauga--Streetsville"," 29","Mississauga",N,N,"",0,370,"Spizzirri","","Natalie","Animal Protection Party","Parti Protection Animaux",N,N,1
35063,"Mississauga--Streetsville","Mississauga--Streetsville"," 29","Mississauga",N,N,"",0,370,"Valdez","","Rechie","Liberal","Libéral",N,Y,48
35063,"Mississauga--Streetsville","Mississauga--Streetsville"," 29","Mississauga",N,N,"",0,370,"Wolosz","","Gurdeep","People's Party - PPC","Parti populaire - PPC",N,N,7
35063,"Mississauga--Streetsville","Mississauga--Streetsville"," 30","Mississauga",N,N,"",0,389,"Hassan","","Farina","NDP-New Democratic Party","NPD-Nouveau Parti démocratique",N,N,22
35063,"Mississauga--Streetsville","Mississauga--Streetsville"," 30","Mississauga",N,N,"",0,389,"Hill","","Chris","Green Party","Parti Vert",N,N,5
35063,"Mississauga--Streetsville","Mississauga--Streetsville"," 30","Mississauga",N,N,"",0,389,"Rattan","","Jasveen","Conservative","Conservateur",N,N,47
35063,"Mississauga--Streetsville","Mississauga--Streetsville"," 30","Mississauga",N,N,"",0,389,"Spizzirri","","Natalie","Animal Protection Party","Parti Protection Animaux",N,N,0
35063,"Mississauga--Streetsville","Mississauga--Streetsville"," 30","Mississauga",N,N,"",0,389,"Valdez","","Rechie","Liberal","Libéral",N,Y,68
35063,"Mississauga--Streetsville","Mississauga--Streetsville"," 30","Mississauga",N,N,"",0,389,"Wolosz","","Gurdeep","People's Party - PPC","Parti populaire - PPC",N,N,7
35063,"Mississauga--Streetsville","Mississauga--Streetsville"," 31","Mississauga",N,N,"",5,633,"Hassan","","Farina","NDP-New Democratic Party","NPD-Nouveau Parti démocratique",N,N,35
35063,"Mississauga--Streetsville","Mississauga--Streetsville"," 31","Mississauga",N,N,"",5,633,"Hill","","Chris","Green Party","Parti Vert",N,N,5
35063,"Mississauga--Streetsville","Mississauga--Streetsville"," 31","Mississauga",N,N,"",5,633,"Rattan","","Jasveen","Conservative","Conservateur",N,N,72
35063,"Mississauga--Streetsville","Mississauga--Streetsville"," 31","Mississauga",N,N,"",5,633,"Spizzirri","","Natalie","Animal Protection Party","Parti Protection Animaux",N,N,0
35063,"Mississauga--Streetsville","Mississauga--Streetsville"," 31","Mississauga",N,N,"",5,633,"Valdez","","Rechie","Liberal","Libéral",N,Y,84
35063,"Mississauga--Streetsville","Mississauga--Streetsville"," 31","Mississauga",N,N,"",5,633,"Wolosz","","Gurdeep","People's Party - PPC","Parti populaire - PPC",N,N,9
35063,"Mississauga--Streetsville","Mississauga--Streetsville"," 32","Mississauga",N,N,"",0,295,"Hassan","","Farina","NDP-New Democratic Party","NPD-Nouveau Parti démocratique",N,N,11
35063,"Mississauga--Streetsville","Mississauga--Streetsville"," 32","Mississauga",N,N,"",0,295,"Hill","","Chris","Green Party","Parti Vert",N,N,6
35063,"Mississauga--Streetsville","Mississauga--Streetsville"," 32","Mississauga",N,N,"",0,295,"Rattan","","Jasveen","Conservative","Conservateur",N,N,30
35063,"Mississauga--Streetsville","Mississauga--Streetsville"," 32","Mississauga",N,N,"",0,295,"Spizzirri","","Natalie","Animal Protection Party","Parti Protection Animaux",N,N,0
35063,"Mississauga--Streetsville","Mississauga--Streetsville"," 32","Mississauga",N,N,"",0,295,"Valdez","","Rechie","Liberal","Libéral",N,Y,45
35063,"Mississauga--Streetsville","Mississauga--Streetsville"," 32","Mississauga",N,N,"",0,295,"Wolosz","","Gurdeep","People's Party - PPC","Parti populaire - PPC",N,N,2
35063,"Mississauga--Streetsville","Mississauga--Streetsville"," 33","Mississauga",N,N,"",0,452,"Hassan","","Farina","NDP-New Democratic Party","NPD-Nouveau Parti démocratique",N,N,15
35063,"Mississauga--Streetsville","Mississauga--Streetsville"," 33","Mississauga",N,N,"",0,452,"Hill","","Chris","Green Party","Parti Vert",N,N,2
35063,"Mississauga--Streetsville","Mississauga--Streetsville"," 33","Mississauga",N,N,"",0,452,"Rattan","","Jasveen","Conservative","Conservateur",N,N,47
35063,"Mississauga--Streetsville","Mississauga--Streetsville"," 33","Mississauga",N,N,"",0,452,"Spizzirri","","Natalie","Animal Protection Party","Parti Protection Animaux",N,N,1
35063,"Mississauga--Streetsville","Mississauga--Streetsville"," 33","Mississauga",N,N,"",0,452,"Valdez","","Rechie","Liberal","Libéral",N,Y,70
35063,"Mississauga--Streetsville","Mississauga--Streetsville"," 33","Mississauga",N,N,"",0,452,"Wolosz","","Gurdeep","People's Party - PPC","Parti populaire - PPC",N,N,3
35063,"Mississauga--Streetsville","Mississauga--Streetsville"," 34","Mississauga",N,N,"",0,381,"Hassan","","Farina","NDP-New Democratic Party","NPD-Nouveau Parti démocratique",N,N,19
35063,"Mississauga--Streetsville","Mississauga--Streetsville"," 34","Mississauga",N,N,"",0,381,"Hill","","Chris","Green Party","Parti Vert",N,N,1
35063,"Mississauga--Streetsville","Mississauga--Streetsville"," 34","Mississauga",N,N,"",0,381,"Rattan","","Jasveen","Conservative","Conservateur",N,N,47
35063,"Mississauga--Streetsville","Mississauga--Streetsville"," 34","Mississauga",N,N,"",0,381,"Spizzirri","","Natalie","Animal Protection Party","Parti Protection Animaux",N,N,1
35063,"Mississauga--Streetsville","Mississauga--Streetsville"," 34","Mississauga",N,N,"",0,381,"Valdez","","Rechie","Liberal","Libéral",N,Y,45
35063,"Mississauga--Streetsville","Mississauga--Streetsville"," 34","Mississauga",N,N,"",0,381,"Wolosz","","Gurdeep","People's Party - PPC","Parti populaire - PPC",N,N,4
35063,"Mississauga--Streetsville","Mississauga--Streetsville"," 35","Mississauga",N,N,"",0,410,"Hassan","","Farina","NDP-New Democratic Party","NPD-Nouveau Parti démocratique",N,N,17
35063,"Mississauga--Streetsville","Mississauga--Streetsville"," 35","Mississauga",N,N,"",0,410,"Hill","","Chris","Green Party","Parti Vert",N,N,6
35063,"Mississauga--Streetsville","Mississauga--Streetsville"," 35","Mississauga",N,N,"",0,410,"Rattan","","Jasveen","Conservative","Conservateur",N,N,48
35063,"Mississauga--Streetsville","Mississauga--Streetsville"," 35","Mississauga",N,N,"",0,410,"Spizzirri","","Natalie","Animal Protection Party","Parti Protection Animaux",N,N,0
35063,"Mississauga--Streetsville","Mississauga--Streetsville"," 35","Mississauga",N,N,"",0,410,"Valdez","","Rechie","Liberal","Libéral",N,Y,40
35063,"Mississauga--Streetsville","Mississauga--Streetsville"," 35","Mississauga",N,N,"",0,410,"Wolosz","","Gurdeep","People's Party - PPC","Parti populaire - PPC",N,N,3
35063,"Mississauga--Streetsville","Mississauga--Streetsville"," 36","Mississauga",N,N,"",1,553,"Hassan","","Farina","NDP-New Democratic Party","NPD-Nouveau Parti démocratique",N,N,30
35063,"Mississauga--Streetsville","Mississauga--Streetsville"," 36","Mississauga",N,N,"",1,553,"Hill","","Chris","Green Party","Parti Vert",N,N,6
35063,"Mississauga--Streetsville","Mississauga--Streetsville"," 36","Mississauga",N,N,"",1,553,"Rattan","","Jasveen","Conservative","Conservateur",N,N,75
35063,"Mississauga--Streetsville","Mississauga--Streetsville"," 36","Mississauga",N,N,"",1,553,"Spizzirri","","Natalie","Animal Protection Party","Parti Protection Animaux",N,N,1
35063,"Mississauga--Streetsville","Mississauga--Streetsville"," 36","Mississauga",N,N,"",1,553,"Valdez","","Rechie","Liberal","Libéral",N,Y,81
35063,"Mississauga--Streetsville","Mississauga--Streetsville"," 36","Mississauga",N,N,"",1,553,"Wolosz","","Gurdeep","People's Party - PPC","Parti populaire - PPC",N,N,19
35063,"Mississauga--Streetsville","Mississauga--Streetsville"," 37","Mississauga",N,N,"",0,477,"Hassan","","Farina","NDP-New Democratic Party","NPD-Nouveau Parti démocratique",N,N,20
35063,"Mississauga--Streetsville","Mississauga--Streetsville"," 37","Mississauga",N,N,"",0,477,"Hill","","Chris","Green Party","Parti Vert",N,N,4
35063,"Mississauga--Streetsville","Mississauga--Streetsville"," 37","Mississauga",N,N,"",0,477,"Rattan","","Jasveen","Conservative","Conservateur",N,N,57
35063,"Mississauga--Streetsville","Mississauga--Streetsville"," 37","Mississauga",N,N,"",0,477,"Spizzirri","","Natalie","Animal Protection Party","Parti Protection Animaux",N,N,1
35063,"Mississauga--Streetsville","Mississauga--Streetsville"," 37","Mississauga",N,N,"",0,477,"Valdez","","Rechie","Liberal","Libéral",N,Y,97
35063,"Mississauga--Streetsville","Mississauga--Streetsville"," 37","Mississauga",N,N,"",0,477,"Wolosz","","Gurdeep","People's Party - PPC","Parti populaire - PPC",N,N,2
35063,"Mississauga--Streetsville","Mississauga--Streetsville"," 38","Mississauga",N,N,"",1,438,"Hassan","","Farina","NDP-New Democratic Party","NPD-Nouveau Parti démocratique",N,N,13
35063,"Mississauga--Streetsville","Mississauga--Streetsville"," 38","Mississauga",N,N,"",1,438,"Hill","","Chris","Green Party","Parti Vert",N,N,1
35063,"Mississauga--Streetsville","Mississauga--Streetsville"," 38","Mississauga",N,N,"",1,438,"Rattan","","Jasveen","Conservative","Conservateur",N,N,83
35063,"Mississauga--Streetsville","Mississauga--Streetsville"," 38","Mississauga",N,N,"",1,438,"Spizzirri","","Natalie","Animal Protection Party","Parti Protection Animaux",N,N,3
35063,"Mississauga--Streetsville","Mississauga--Streetsville"," 38","Mississauga",N,N,"",1,438,"Valdez","","Rechie","Liberal","Libéral",N,Y,77
35063,"Mississauga--Streetsville","Mississauga--Streetsville"," 38","Mississauga",N,N,"",1,438,"Wolosz","","Gurdeep","People's Party - PPC","Parti populaire - PPC",N,N,6
35063,"Mississauga--Streetsville","Mississauga--Streetsville"," 39","Mississauga",N,N,"",3,494,"Hassan","","Farina","NDP-New Democratic Party","NPD-Nouveau Parti démocratique",N,N,23
35063,"Mississauga--Streetsville","Mississauga--Streetsville"," 39","Mississauga",N,N,"",3,494,"Hill","","Chris","Green Party","Parti Vert",N,N,7
35063,"Mississauga--Streetsville","Mississauga--Streetsville"," 39","Mississauga",N,N,"",3,494,"Rattan","","Jasveen","Conservative","Conservateur",N,N,46
35063,"Mississauga--Streetsville","Mississauga--Streetsville"," 39","Mississauga",N,N,"",3,494,"Spizzirri","","Natalie","Animal Protection Party","Parti Protection Animaux",N,N,0
35063,"Mississauga--Streetsville","Mississauga--Streetsville"," 39","Mississauga",N,N,"",3,494,"Valdez","","Rechie","Liberal","Libéral",N,Y,115
35063,"Mississauga--Streetsville","Mississauga--Streetsville"," 39","Mississauga",N,N,"",3,494,"Wolosz","","Gurdeep","People's Party - PPC","Parti populaire - PPC",N,N,8
35063,"Mississauga--Streetsville","Mississauga--Streetsville"," 40","Mississauga",N,N,"",0,363,"Hassan","","Farina","NDP-New Democratic Party","NPD-Nouveau Parti démocratique",N,N,21
35063,"Mississauga--Streetsville","Mississauga--Streetsville"," 40","Mississauga",N,N,"",0,363,"Hill","","Chris","Green Party","Parti Vert",N,N,2
35063,"Mississauga--Streetsville","Mississauga--Streetsville"," 40","Mississauga",N,N,"",0,363,"Rattan","","Jasveen","Conservative","Conservateur",N,N,54
35063,"Mississauga--Streetsville","Mississauga--Streetsville"," 40","Mississauga",N,N,"",0,363,"Spizzirri","","Natalie","Animal Protection Party","Parti Protection Animaux",N,N,1
35063,"Mississauga--Streetsville","Mississauga--Streetsville"," 40","Mississauga",N,N,"",0,363,"Valdez","","Rechie","Liberal","Libéral",N,Y,68
35063,"Mississauga--Streetsville","Mississauga--Streetsville"," 40","Mississauga",N,N,"",0,363,"Wolosz","","Gurdeep","People's Party - PPC","Parti populaire - PPC",N,N,1
35063,"Mississauga--Streetsville","Mississauga--Streetsville"," 41","Mississauga",N,N,"",0,456,"Hassan","","Farina","NDP-New Democratic Party","NPD-Nouveau Parti démocratique",N,N,22
35063,"Mississauga--Streetsville","Mississauga--Streetsville"," 41","Mississauga",N,N,"",0,456,"Hill","","Chris","Green Party","Parti Vert",N,N,4
35063,"Mississauga--Streetsville","Mississauga--Streetsville"," 41","Mississauga",N,N,"",0,456,"Rattan","","Jasveen","Conservative","Conservateur",N,N,46
35063,"Mississauga--Streetsville","Mississauga--Streetsville"," 41","Mississauga",N,N,"",0,456,"Spizzirri","","Natalie","Animal Protection Party","Parti Protection Animaux",N,N,1
35063,"Mississauga--Streetsville","Mississauga--Streetsville"," 41","Mississauga",N,N,"",0,456,"Valdez","","Rechie","Liberal","Libéral",N,Y,85
35063,"Mississauga--Streetsville","Mississauga--Streetsville"," 41","Mississauga",N,N,"",0,456,"Wolosz","","Gurdeep","People's Party - PPC","Parti populaire - PPC",N,N,3
35063,"Mississauga--Streetsville","Mississauga--Streetsville"," 42","Mississauga",N,N,"",1,412,"Hassan","","Farina","NDP-New Democratic Party","NPD-Nouveau Parti démocratique",N,N,19
35063,"Mississauga--Streetsville","Mississauga--Streetsville"," 42","Mississauga",N,N,"",1,412,"Hill","","Chris","Green Party","Parti Vert",N,N,8
35063,"Mississauga--Streetsville","Mississauga--Streetsville"," 42","Mississauga",N,N,"",1,412,"Rattan","","Jasveen","Conservative","Conservateur",N,N,56
35063,"Mississauga--Streetsville","Mississauga--Streetsville"," 42","Mississauga",N,N,"",1,412,"Spizzirri","","Natalie","Animal Protection Party","Parti Protection Animaux",N,N,0
35063,"Mississauga--Streetsville","Mississauga--Streetsville"," 42","Mississauga",N,N,"",1,412,"Valdez","","Rechie","Liberal","Libéral",N,Y,93
35063,"Mississauga--Streetsville","Mississauga--Streetsville"," 42","Mississauga",N,N,"",1,412,"Wolosz","","Gurdeep","People's Party - PPC","Parti populaire - PPC",N,N,3
35063,"Mississauga--Streetsville","Mississauga--Streetsville"," 43","Mississauga",N,N,"",1,389,"Hassan","","Farina","NDP-New Democratic Party","NPD-Nouveau Parti démocratique",N,N,17
35063,"Mississauga--Streetsville","Mississauga--Streetsville"," 43","Mississauga",N,N,"",1,389,"Hill","","Chris","Green Party","Parti Vert",N,N,0
35063,"Mississauga--Streetsville","Mississauga--Streetsville"," 43","Mississauga",N,N,"",1,389,"Rattan","","Jasveen","Conservative","Conservateur",N,N,25
35063,"Mississauga--Streetsville","Mississauga--Streetsville"," 43","Mississauga",N,N,"",1,389,"Spizzirri","","Natalie","Animal Protection Party","Parti Protection Animaux",N,N,0
35063,"Mississauga--Streetsville","Mississauga--Streetsville"," 43","Mississauga",N,N,"",1,389,"Valdez","","Rechie","Liberal","Libéral",N,Y,67
35063,"Mississauga--Streetsville","Mississauga--Streetsville"," 43","Mississauga",N,N,"",1,389,"Wolosz","","Gurdeep","People's Party - PPC","Parti populaire - PPC",N,N,1
35063,"Mississauga--Streetsville","Mississauga--Streetsville"," 44","Mississauga",N,N,"",0,415,"Hassan","","Farina","NDP-New Democratic Party","NPD-Nouveau Parti démocratique",N,N,13
35063,"Mississauga--Streetsville","Mississauga--Streetsville"," 44","Mississauga",N,N,"",0,415,"Hill","","Chris","Green Party","Parti Vert",N,N,4
35063,"Mississauga--Streetsville","Mississauga--Streetsville"," 44","Mississauga",N,N,"",0,415,"Rattan","","Jasveen","Conservative","Conservateur",N,N,25
35063,"Mississauga--Streetsville","Mississauga--Streetsville"," 44","Mississauga",N,N,"",0,415,"Spizzirri","","Natalie","Animal Protection Party","Parti Protection Animaux",N,N,0
35063,"Mississauga--Streetsville","Mississauga--Streetsville"," 44","Mississauga",N,N,"",0,415,"Valdez","","Rechie","Liberal","Libéral",N,Y,60
35063,"Mississauga--Streetsville","Mississauga--Streetsville"," 44","Mississauga",N,N,"",0,415,"Wolosz","","Gurdeep","People's Party - PPC","Parti populaire - PPC",N,N,0
35063,"Mississauga--Streetsville","Mississauga--Streetsville"," 45","Mississauga",N,N,"",4,522,"Hassan","","Farina","NDP-New Democratic Party","NPD-Nouveau Parti démocratique",N,N,15
35063,"Mississauga--Streetsville","Mississauga--Streetsville"," 45","Mississauga",N,N,"",4,522,"Hill","","Chris","Green Party","Parti Vert",N,N,0
35063,"Mississauga--Streetsville","Mississauga--Streetsville"," 45","Mississauga",N,N,"",4,522,"Rattan","","Jasveen","Conservative","Conservateur",N,N,64
35063,"Mississauga--Streetsville","Mississauga--Streetsville"," 45","Mississauga",N,N,"",4,522,"Spizzirri","","Natalie","Animal Protection Party","Parti Protection Animaux",N,N,2
35063,"Mississauga--Streetsville","Mississauga--Streetsville"," 45","Mississauga",N,N,"",4,522,"Valdez","","Rechie","Liberal","Libéral",N,Y,74
35063,"Mississauga--Streetsville","Mississauga--Streetsville"," 45","Mississauga",N,N,"",4,522,"Wolosz","","Gurdeep","People's Party - PPC","Parti populaire - PPC",N,N,7
35063,"Mississauga--Streetsville","Mississauga--Streetsville"," 46","Mississauga",N,N,"",3,386,"Hassan","","Farina","NDP-New Democratic Party","NPD-Nouveau Parti démocratique",N,N,11
35063,"Mississauga--Streetsville","Mississauga--Streetsville"," 46","Mississauga",N,N,"",3,386,"Hill","","Chris","Green Party","Parti Vert",N,N,1
35063,"Mississauga--Streetsville","Mississauga--Streetsville"," 46","Mississauga",N,N,"",3,386,"Rattan","","Jasveen","Conservative","Conservateur",N,N,23
35063,"Mississauga--Streetsville","Mississauga--Streetsville"," 46","Mississauga",N,N,"",3,386,"Spizzirri","","Natalie","Animal Protection Party","Parti Protection Animaux",N,N,2
35063,"Mississauga--Streetsville","Mississauga--Streetsville"," 46","Mississauga",N,N,"",3,386,"Valdez","","Rechie","Liberal","Libéral",N,Y,67
35063,"Mississauga--Streetsville","Mississauga--Streetsville"," 46","Mississauga",N,N,"",3,386,"Wolosz","","Gurdeep","People's Party - PPC","Parti populaire - PPC",N,N,2
35063,"Mississauga--Streetsville","Mississauga--Streetsville"," 47","Mississauga",N,N,"",3,418,"Hassan","","Farina","NDP-New Democratic Party","NPD-Nouveau Parti démocratique",N,N,19
35063,"Mississauga--Streetsville","Mississauga--Streetsville"," 47","Mississauga",N,N,"",3,418,"Hill","","Chris","Green Party","Parti Vert",N,N,5
35063,"Mississauga--Streetsville","Mississauga--Streetsville"," 47","Mississauga",N,N,"",3,418,"Rattan","","Jasveen","Conservative","Conservateur",N,N,39
35063,"Mississauga--Streetsville","Mississauga--Streetsville"," 47","Mississauga",N,N,"",3,418,"Spizzirri","","Natalie","Animal Protection Party","Parti Protection Animaux",N,N,1
35063,"Mississauga--Streetsville","Mississauga--Streetsville"," 47","Mississauga",N,N,"",3,418,"Valdez","","Rechie","Liberal","Libéral",N,Y,63
35063,"Mississauga--Streetsville","Mississauga--Streetsville"," 47","Mississauga",N,N,"",3,418,"Wolosz","","Gurdeep","People's Party - PPC","Parti populaire - PPC",N,N,5
35063,"Mississauga--Streetsville","Mississauga--Streetsville"," 48","Mississauga",N,N,"",0,353,"Hassan","","Farina","NDP-New Democratic Party","NPD-Nouveau Parti démocratique",N,N,10
35063,"Mississauga--Streetsville","Mississauga--Streetsville"," 48","Mississauga",N,N,"",0,353,"Hill","","Chris","Green Party","Parti Vert",N,N,2
35063,"Mississauga--Streetsville","Mississauga--Streetsville"," 48","Mississauga",N,N,"",0,353,"Rattan","","Jasveen","Conservative","Conservateur",N,N,38
35063,"Mississauga--Streetsville","Mississauga--Streetsville"," 48","Mississauga",N,N,"",0,353,"Spizzirri","","Natalie","Animal Protection Party","Parti Protection Animaux",N,N,0
35063,"Mississauga--Streetsville","Mississauga--Streetsville"," 48","Mississauga",N,N,"",0,353,"Valdez","","Rechie","Liberal","Libéral",N,Y,57
35063,"Mississauga--Streetsville","Mississauga--Streetsville"," 48","Mississauga",N,N,"",0,353,"Wolosz","","Gurdeep","People's Party - PPC","Parti populaire - PPC",N,N,4
35063,"Mississauga--Streetsville","Mississauga--Streetsville"," 49","Mississauga",N,N,"",0,468,"Hassan","","Farina","NDP-New Democratic Party","NPD-Nouveau Parti démocratique",N,N,19
35063,"Mississauga--Streetsville","Mississauga--Streetsville"," 49","Mississauga",N,N,"",0,468,"Hill","","Chris","Green Party","Parti Vert",N,N,4
35063,"Mississauga--Streetsville","Mississauga--Streetsville"," 49","Mississauga",N,N,"",0,468,"Rattan","","Jasveen","Conservative","Conservateur",N,N,65
35063,"Mississauga--Streetsville","Mississauga--Streetsville"," 49","Mississauga",N,N,"",0,468,"Spizzirri","","Natalie","Animal Protection Party","Parti Protection Animaux",N,N,1
35063,"Mississauga--Streetsville","Mississauga--Streetsville"," 49","Mississauga",N,N,"",0,468,"Valdez","","Rechie","Liberal","Libéral",N,Y,49
35063,"Mississauga--Streetsville","Mississauga--Streetsville"," 49","Mississauga",N,N,"",0,468,"Wolosz","","Gurdeep","People's Party - PPC","Parti populaire - PPC",N,N,10
35063,"Mississauga--Streetsville","Mississauga--Streetsville"," 50","Mississauga",N,N,"",0,544,"Hassan","","Farina","NDP-New Democratic Party","NPD-Nouveau Parti démocratique",N,N,46
35063,"Mississauga--Streetsville","Mississauga--Streetsville"," 50","Mississauga",N,N,"",0,544,"Hill","","Chris","Green Party","Parti Vert",N,N,6
35063,"Mississauga--Streetsville","Mississauga--Streetsville"," 50","Mississauga",N,N,"",0,544,"Rattan","","Jasveen","Conservative","Conservateur",N,N,50
35063,"Mississauga--Streetsville","Mississauga--Streetsville"," 50","Mississauga",N,N,"",0,544,"Spizzirri","","Natalie","Animal Protection Party","Parti Protection Animaux",N,N,3
35063,"Mississauga--Streetsville","Mississauga--Streetsville"," 50","Mississauga",N,N,"",0,544,"Valdez","","Rechie","Liberal","Libéral",N,Y,81
35063,"Mississauga--Streetsville","Mississauga--Streetsville"," 50","Mississauga",N,N,"",0,544,"Wolosz","","Gurdeep","People's Party - PPC","Parti populaire - PPC",N,N,11
35063,"Mississauga--Streetsville","Mississauga--Streetsville"," 51","Mississauga",N,N,"",0,453,"Hassan","","Farina","NDP-New Democratic Party","NPD-Nouveau Parti démocratique",N,N,22
35063,"Mississauga--Streetsville","Mississauga--Streetsville"," 51","Mississauga",N,N,"",0,453,"Hill","","Chris","Green Party","Parti Vert",N,N,3
35063,"Mississauga--Streetsville","Mississauga--Streetsville"," 51","Mississauga",N,N,"",0,453,"Rattan","","Jasveen","Conservative","Conservateur",N,N,52
35063,"Mississauga--Streetsville","Mississauga--Streetsville"," 51","Mississauga",N,N,"",0,453,"Spizzirri","","Natalie","Animal Protection Party","Parti Protection Animaux",N,N,1
35063,"Mississauga--Streetsville","Mississauga--Streetsville"," 51","Mississauga",N,N,"",0,453,"Valdez","","Rechie","Liberal","Libéral",N,Y,80
35063,"Mississauga--Streetsville","Mississauga--Streetsville"," 51","Mississauga",N,N,"",0,453,"Wolosz","","Gurdeep","People's Party - PPC","Parti populaire - PPC",N,N,4
35063,"Mississauga--Streetsville","Mississauga--Streetsville"," 52","Mississauga",N,N,"",0,422,"Hassan","","Farina","NDP-New Democratic Party","NPD-Nouveau Parti démocratique",N,N,25
35063,"Mississauga--Streetsville","Mississauga--Streetsville"," 52","Mississauga",N,N,"",0,422,"Hill","","Chris","Green Party","Parti Vert",N,N,4
35063,"Mississauga--Streetsville","Mississauga--Streetsville"," 52","Mississauga",N,N,"",0,422,"Rattan","","Jasveen","Conservative","Conservateur",N,N,46
35063,"Mississauga--Streetsville","Mississauga--Streetsville"," 52","Mississauga",N,N,"",0,422,"Spizzirri","","Natalie","Animal Protection Party","Parti Protection Animaux",N,N,0
35063,"Mississauga--Streetsville","Mississauga--Streetsville"," 52","Mississauga",N,N,"",0,422,"Valdez","","Rechie","Liberal","Libéral",N,Y,54
35063,"Mississauga--Streetsville","Mississauga--Streetsville"," 52","Mississauga",N,N,"",0,422,"Wolosz","","Gurdeep","People's Party - PPC","Parti populaire - PPC",N,N,3
35063,"Mississauga--Streetsville","Mississauga--Streetsville"," 53","Mississauga",N,N,"",0,487,"Hassan","","Farina","NDP-New Democratic Party","NPD-Nouveau Parti démocratique",N,N,31
35063,"Mississauga--Streetsville","Mississauga--Streetsville"," 53","Mississauga",N,N,"",0,487,"Hill","","Chris","Green Party","Parti Vert",N,N,9
35063,"Mississauga--Streetsville","Mississauga--Streetsville"," 53","Mississauga",N,N,"",0,487,"Rattan","","Jasveen","Conservative","Conservateur",N,N,35
35063,"Mississauga--Streetsville","Mississauga--Streetsville"," 53","Mississauga",N,N,"",0,487,"Spizzirri","","Natalie","Animal Protection Party","Parti Protection Animaux",N,N,0
35063,"Mississauga--Streetsville","Mississauga--Streetsville"," 53","Mississauga",N,N,"",0,487,"Valdez","","Rechie","Liberal","Libéral",N,Y,68
35063,"Mississauga--Streetsville","Mississauga--Streetsville"," 53","Mississauga",N,N,"",0,487,"Wolosz","","Gurdeep","People's Party - PPC","Parti populaire - PPC",N,N,6
35063,"Mississauga--Streetsville","Mississauga--Streetsville"," 54","Mississauga",N,N,"",1,327,"Hassan","","Farina","NDP-New Democratic Party","NPD-Nouveau Parti démocratique",N,N,10
35063,"Mississauga--Streetsville","Mississauga--Streetsville"," 54","Mississauga",N,N,"",1,327,"Hill","","Chris","Green Party","Parti Vert",N,N,6
35063,"Mississauga--Streetsville","Mississauga--Streetsville"," 54","Mississauga",N,N,"",1,327,"Rattan","","Jasveen","Conservative","Conservateur",N,N,29
35063,"Mississauga--Streetsville","Mississauga--Streetsville"," 54","Mississauga",N,N,"",1,327,"Spizzirri","","Natalie","Animal Protection Party","Parti Protection Animaux",N,N,0
35063,"Mississauga--Streetsville","Mississauga--Streetsville"," 54","Mississauga",N,N,"",1,327,"Valdez","","Rechie","Liberal","Libéral",N,Y,55
35063,"Mississauga--Streetsville","Mississauga--Streetsville"," 54","Mississauga",N,N,"",1,327,"Wolosz","","Gurdeep","People's Party - PPC","Parti populaire - PPC",N,N,1
35063,"Mississauga--Streetsville","Mississauga--Streetsville"," 55","Mississauga",N,N,"",0,346,"Hassan","","Farina","NDP-New Democratic Party","NPD-Nouveau Parti démocratique",N,N,17
35063,"Mississauga--Streetsville","Mississauga--Streetsville"," 55","Mississauga",N,N,"",0,346,"Hill","","Chris","Green Party","Parti Vert",N,N,6
35063,"Mississauga--Streetsville","Mississauga--Streetsville"," 55","Mississauga",N,N,"",0,346,"Rattan","","Jasveen","Conservative","Conservateur",N,N,21
35063,"Mississauga--Streetsville","Mississauga--Streetsville"," 55","Mississauga",N,N,"",0,346,"Spizzirri","","Natalie","Animal Protection Party","Parti Protection Animaux",N,N,0
35063,"Mississauga--Streetsville","Mississauga--Streetsville"," 55","Mississauga",N,N,"",0,346,"Valdez","","Rechie","Liberal","Libéral",N,Y,74
35063,"Mississauga--Streetsville","Mississauga--Streetsville"," 55","Mississauga",N,N,"",0,346,"Wolosz","","Gurdeep","People's Party - PPC","Parti populaire - PPC",N,N,5
35063,"Mississauga--Streetsville","Mississauga--Streetsville"," 56","Mississauga",N,N,"",0,479,"Hassan","","Farina","NDP-New Democratic Party","NPD-Nouveau Parti démocratique",N,N,21
35063,"Mississauga--Streetsville","Mississauga--Streetsville"," 56","Mississauga",N,N,"",0,479,"Hill","","Chris","Green Party","Parti Vert",N,N,4
35063,"Mississauga--Streetsville","Mississauga--Streetsville"," 56","Mississauga",N,N,"",0,479,"Rattan","","Jasveen","Conservative","Conservateur",N,N,70
35063,"Mississauga--Streetsville","Mississauga--Streetsville"," 56","Mississauga",N,N,"",0,479,"Spizzirri","","Natalie","Animal Protection Party","Parti Protection Animaux",N,N,1
35063,"Mississauga--Streetsville","Mississauga--Streetsville"," 56","Mississauga",N,N,"",0,479,"Valdez","","Rechie","Liberal","Libéral",N,Y,51
35063,"Mississauga--Streetsville","Mississauga--Streetsville"," 56","Mississauga",N,N,"",0,479,"Wolosz","","Gurdeep","People's Party - PPC","Parti populaire - PPC",N,N,14
35063,"Mississauga--Streetsville","Mississauga--Streetsville"," 57","Mississauga",N,N,"",1,509,"Hassan","","Farina","NDP-New Democratic Party","NPD-Nouveau Parti démocratique",N,N,26
35063,"Mississauga--Streetsville","Mississauga--Streetsville"," 57","Mississauga",N,N,"",1,509,"Hill","","Chris","Green Party","Parti Vert",N,N,3
35063,"Mississauga--Streetsville","Mississauga--Streetsville"," 57","Mississauga",N,N,"",1,509,"Rattan","","Jasveen","Conservative","Conservateur",N,N,59
35063,"Mississauga--Streetsville","Mississauga--Streetsville"," 57","Mississauga",N,N,"",1,509,"Spizzirri","","Natalie","Animal Protection Party","Parti Protection Animaux",N,N,1
35063,"Mississauga--Streetsville","Mississauga--Streetsville"," 57","Mississauga",N,N,"",1,509,"Valdez","","Rechie","Liberal","Libéral",N,Y,65
35063,"Mississauga--Streetsville","Mississauga--Streetsville"," 57","Mississauga",N,N,"",1,509,"Wolosz","","Gurdeep","People's Party - PPC","Parti populaire - PPC",N,N,11
35063,"Mississauga--Streetsville","Mississauga--Streetsville"," 58","Mississauga",N,N,"",0,396,"Hassan","","Farina","NDP-New Democratic Party","NPD-Nouveau Parti démocratique",N,N,21
35063,"Mississauga--Streetsville","Mississauga--Streetsville"," 58","Mississauga",N,N,"",0,396,"Hill","","Chris","Green Party","Parti Vert",N,N,9
35063,"Mississauga--Streetsville","Mississauga--Streetsville"," 58","Mississauga",N,N,"",0,396,"Rattan","","Jasveen","Conservative","Conservateur",N,N,58
35063,"Mississauga--Streetsville","Mississauga--Streetsville"," 58","Mississauga",N,N,"",0,396,"Spizzirri","","Natalie","Animal Protection Party","Parti Protection Animaux",N,N,1
35063,"Mississauga--Streetsville","Mississauga--Streetsville"," 58","Mississauga",N,N,"",0,396,"Valdez","","Rechie","Liberal","Libéral",N,Y,35
35063,"Mississauga--Streetsville","Mississauga--Streetsville"," 58","Mississauga",N,N,"",0,396,"Wolosz","","Gurdeep","People's Party - PPC","Parti populaire - PPC",N,N,7
35063,"Mississauga--Streetsville","Mississauga--Streetsville"," 59","Mississauga",N,N,"",1,346,"Hassan","","Farina","NDP-New Democratic Party","NPD-Nouveau Parti démocratique",N,N,25
35063,"Mississauga--Streetsville","Mississauga--Streetsville"," 59","Mississauga",N,N,"",1,346,"Hill","","Chris","Green Party","Parti Vert",N,N,6
35063,"Mississauga--Streetsville","Mississauga--Streetsville"," 59","Mississauga",N,N,"",1,346,"Rattan","","Jasveen","Conservative","Conservateur",N,N,47
35063,"Mississauga--Streetsville","Mississauga--Streetsville"," 59","Mississauga",N,N,"",1,346,"Spizzirri","","Natalie","Animal Protection Party","Parti Protection Animaux",N,N,0
35063,"Mississauga--Streetsville","Mississauga--Streetsville"," 59","Mississauga",N,N,"",1,346,"Valdez","","Rechie","Liberal","Libéral",N,Y,49
35063,"Mississauga--Streetsville","Mississauga--Streetsville"," 59","Mississauga",N,N,"",1,346,"Wolosz","","Gurdeep","People's Party - PPC","Parti populaire - PPC",N,N,4
35063,"Mississauga--Streetsville","Mississauga--Streetsville"," 60","Mississauga",N,N,"",0,545,"Hassan","","Farina","NDP-New Democratic Party","NPD-Nouveau Parti démocratique",N,N,36
35063,"Mississauga--Streetsville","Mississauga--Streetsville"," 60","Mississauga",N,N,"",0,545,"Hill","","Chris","Green Party","Parti Vert",N,N,7
35063,"Mississauga--Streetsville","Mississauga--Streetsville"," 60","Mississauga",N,N,"",0,545,"Rattan","","Jasveen","Conservative","Conservateur",N,N,60
35063,"Mississauga--Streetsville","Mississauga--Streetsville"," 60","Mississauga",N,N,"",0,545,"Spizzirri","","Natalie","Animal Protection Party","Parti Protection Animaux",N,N,2
35063,"Mississauga--Streetsville","Mississauga--Streetsville"," 60","Mississauga",N,N,"",0,545,"Valdez","","Rechie","Liberal","Libéral",N,Y,83
35063,"Mississauga--Streetsville","Mississauga--Streetsville"," 60","Mississauga",N,N,"",0,545,"Wolosz","","Gurdeep","People's Party - PPC","Parti populaire - PPC",N,N,7
35063,"Mississauga--Streetsville","Mississauga--Streetsville"," 61","Mississauga",N,N,"",1,292,"Hassan","","Farina","NDP-New Democratic Party","NPD-Nouveau Parti démocratique",N,N,14
35063,"Mississauga--Streetsville","Mississauga--Streetsville"," 61","Mississauga",N,N,"",1,292,"Hill","","Chris","Green Party","Parti Vert",N,N,3
35063,"Mississauga--Streetsville","Mississauga--Streetsville"," 61","Mississauga",N,N,"",1,292,"Rattan","","Jasveen","Conservative","Conservateur",N,N,29
35063,"Mississauga--Streetsville","Mississauga--Streetsville"," 61","Mississauga",N,N,"",1,292,"Spizzirri","","Natalie","Animal Protection Party","Parti Protection Animaux",N,N,0
35063,"Mississauga--Streetsville","Mississauga--Streetsville"," 61","Mississauga",N,N,"",1,292,"Valdez","","Rechie","Liberal","Libéral",N,Y,35
35063,"Mississauga--Streetsville","Mississauga--Streetsville"," 61","Mississauga",N,N,"",1,292,"Wolosz","","Gurdeep","People's Party - PPC","Parti populaire - PPC",N,N,6
35063,"Mississauga--Streetsville","Mississauga--Streetsville"," 62","Mississauga",N,N,"",1,554,"Hassan","","Farina","NDP-New Democratic Party","NPD-Nouveau Parti démocratique",N,N,30
35063,"Mississauga--Streetsville","Mississauga--Streetsville"," 62","Mississauga",N,N,"",1,554,"Hill","","Chris","Green Party","Parti Vert",N,N,5
35063,"Mississauga--Streetsville","Mississauga--Streetsville"," 62","Mississauga",N,N,"",1,554,"Rattan","","Jasveen","Conservative","Conservateur",N,N,63
35063,"Mississauga--Streetsville","Mississauga--Streetsville"," 62","Mississauga",N,N,"",1,554,"Spizzirri","","Natalie","Animal Protection Party","Parti Protection Animaux",N,N,0
35063,"Mississauga--Streetsville","Mississauga--Streetsville"," 62","Mississauga",N,N,"",1,554,"Valdez","","Rechie","Liberal","Libéral",N,Y,69
35063,"Mississauga--Streetsville","Mississauga--Streetsville"," 62","Mississauga",N,N,"",1,554,"Wolosz","","Gurdeep","People's Party - PPC","Parti populaire - PPC",N,N,13
35063,"Mississauga--Streetsville","Mississauga--Streetsville"," 63","Mississauga",N,N,"",3,351,"Hassan","","Farina","NDP-New Democratic Party","NPD-Nouveau Parti démocratique",N,N,13
35063,"Mississauga--Streetsville","Mississauga--Streetsville"," 63","Mississauga",N,N,"",3,351,"Hill","","Chris","Green Party","Parti Vert",N,N,3
35063,"Mississauga--Streetsville","Mississauga--Streetsville"," 63","Mississauga",N,N,"",3,351,"Rattan","","Jasveen","Conservative","Conservateur",N,N,23
35063,"Mississauga--Streetsville","Mississauga--Streetsville"," 63","Mississauga",N,N,"",3,351,"Spizzirri","","Natalie","Animal Protection Party","Parti Protection Animaux",N,N,0
35063,"Mississauga--Streetsville","Mississauga--Streetsville"," 63","Mississauga",N,N,"",3,351,"Valdez","","Rechie","Liberal","Libéral",N,Y,28
35063,"Mississauga--Streetsville","Mississauga--Streetsville"," 63","Mississauga",N,N,"",3,351,"Wolosz","","Gurdeep","People's Party - PPC","Parti populaire - PPC",N,N,4
35063,"Mississauga--Streetsville","Mississauga--Streetsville"," 64","Mississauga",N,N,"",0,379,"Hassan","","Farina","NDP-New Democratic Party","NPD-Nouveau Parti démocratique",N,N,13
35063,"Mississauga--Streetsville","Mississauga--Streetsville"," 64","Mississauga",N,N,"",0,379,"Hill","","Chris","Green Party","Parti Vert",N,N,1
35063,"Mississauga--Streetsville","Mississauga--Streetsville"," 64","Mississauga",N,N,"",0,379,"Rattan","","Jasveen","Conservative","Conservateur",N,N,31
35063,"Mississauga--Streetsville","Mississauga--Streetsville"," 64","Mississauga",N,N,"",0,379,"Spizzirri","","Natalie","Animal Protection Party","Parti Protection Animaux",N,N,0
35063,"Mississauga--Streetsville","Mississauga--Streetsville"," 64","Mississauga",N,N,"",0,379,"Valdez","","Rechie","Liberal","Libéral",N,Y,37
35063,"Mississauga--Streetsville","Mississauga--Streetsville"," 64","Mississauga",N,N,"",0,379,"Wolosz","","Gurdeep","People's Party - PPC","Parti populaire - PPC",N,N,3
35063,"Mississauga--Streetsville","Mississauga--Streetsville"," 65","Mississauga",N,N,"",0,394,"Hassan","","Farina","NDP-New Democratic Party","NPD-Nouveau Parti démocratique",N,N,23
35063,"Mississauga--Streetsville","Mississauga--Streetsville"," 65","Mississauga",N,N,"",0,394,"Hill","","Chris","Green Party","Parti Vert",N,N,3
35063,"Mississauga--Streetsville","Mississauga--Streetsville"," 65","Mississauga",N,N,"",0,394,"Rattan","","Jasveen","Conservative","Conservateur",N,N,33
35063,"Mississauga--Streetsville","Mississauga--Streetsville"," 65","Mississauga",N,N,"",0,394,"Spizzirri","","Natalie","Animal Protection Party","Parti Protection Animaux",N,N,0
35063,"Mississauga--Streetsville","Mississauga--Streetsville"," 65","Mississauga",N,N,"",0,394,"Valdez","","Rechie","Liberal","Libéral",N,Y,40
35063,"Mississauga--Streetsville","Mississauga--Streetsville"," 65","Mississauga",N,N,"",0,394,"Wolosz","","Gurdeep","People's Party - PPC","Parti populaire - PPC",N,N,11
35063,"Mississauga--Streetsville","Mississauga--Streetsville"," 66","Mississauga",N,N,"",2,468,"Hassan","","Farina","NDP-New Democratic Party","NPD-Nouveau Parti démocratique",N,N,23
35063,"Mississauga--Streetsville","Mississauga--Streetsville"," 66","Mississauga",N,N,"",2,468,"Hill","","Chris","Green Party","Parti Vert",N,N,2
35063,"Mississauga--Streetsville","Mississauga--Streetsville"," 66","Mississauga",N,N,"",2,468,"Rattan","","Jasveen","Conservative","Conservateur",N,N,29
35063,"Mississauga--Streetsville","Mississauga--Streetsville"," 66","Mississauga",N,N,"",2,468,"Spizzirri","","Natalie","Animal Protection Party","Parti Protection Animaux",N,N,1
35063,"Mississauga--Streetsville","Mississauga--Streetsville"," 66","Mississauga",N,N,"",2,468,"Valdez","","Rechie","Liberal","Libéral",N,Y,46
35063,"Mississauga--Streetsville","Mississauga--Streetsville"," 66","Mississauga",N,N,"",2,468,"Wolosz","","Gurdeep","People's Party - PPC","Parti populaire - PPC",N,N,8
35063,"Mississauga--Streetsville","Mississauga--Streetsville"," 67","Mississauga",N,N,"",3,492,"Hassan","","Farina","NDP-New Democratic Party","NPD-Nouveau Parti démocratique",N,N,32
35063,"Mississauga--Streetsville","Mississauga--Streetsville"," 67","Mississauga",N,N,"",3,492,"Hill","","Chris","Green Party","Parti Vert",N,N,2
35063,"Mississauga--Streetsville","Mississauga--Streetsville"," 67","Mississauga",N,N,"",3,492,"Rattan","","Jasveen","Conservative","Conservateur",N,N,51
35063,"Mississauga--Streetsville","Mississauga--Streetsville"," 67","Mississauga",N,N,"",3,492,"Spizzirri","","Natalie","Animal Protection Party","Parti Protection Animaux",N,N,1
35063,"Mississauga--Streetsville","Mississauga--Streetsville"," 67","Mississauga",N,N,"",3,492,"Valdez","","Rechie","Liberal","Libéral",N,Y,57
35063,"Mississauga--Streetsville","Mississauga--Streetsville"," 67","Mississauga",N,N,"",3,492,"Wolosz","","Gurdeep","People's Party - PPC","Parti populaire - PPC",N,N,11
35063,"Mississauga--Streetsville","Mississauga--Streetsville"," 68","Mississauga",N,N,"",1,463,"Hassan","","Farina","NDP-New Democratic Party","NPD-Nouveau Parti démocratique",N,N,12
35063,"Mississauga--Streetsville","Mississauga--Streetsville"," 68","Mississauga",N,N,"",1,463,"Hill","","Chris","Green Party","Parti Vert",N,N,6
35063,"Mississauga--Streetsville","Mississauga--Streetsville"," 68","Mississauga",N,N,"",1,463,"Rattan","","Jasveen","Conservative","Conservateur",N,N,51
35063,"Mississauga--Streetsville","Mississauga--Streetsville"," 68","Mississauga",N,N,"",1,463,"Spizzirri","","Natalie","Animal Protection Party","Parti Protection Animaux",N,N,0
35063,"Mississauga--Streetsville","Mississauga--Streetsville"," 68","Mississauga",N,N,"",1,463,"Valdez","","Rechie","Liberal","Libéral",N,Y,55
35063,"Mississauga--Streetsville","Mississauga--Streetsville"," 68","Mississauga",N,N,"",1,463,"Wolosz","","Gurdeep","People's Party - PPC","Parti populaire - PPC",N,N,4
35063,"Mississauga--Streetsville","Mississauga--Streetsville"," 69","Mississauga",N,N,"",0,422,"Hassan","","Farina","NDP-New Democratic Party","NPD-Nouveau Parti démocratique",N,N,16
35063,"Mississauga--Streetsville","Mississauga--Streetsville"," 69","Mississauga",N,N,"",0,422,"Hill","","Chris","Green Party","Parti Vert",N,N,2
35063,"Mississauga--Streetsville","Mississauga--Streetsville"," 69","Mississauga",N,N,"",0,422,"Rattan","","Jasveen","Conservative","Conservateur",N,N,33
35063,"Mississauga--Streetsville","Mississauga--Streetsville"," 69","Mississauga",N,N,"",0,422,"Spizzirri","","Natalie","Animal Protection Party","Parti Protection Animaux",N,N,2
35063,"Mississauga--Streetsville","Mississauga--Streetsville"," 69","Mississauga",N,N,"",0,422,"Valdez","","Rechie","Liberal","Libéral",N,Y,41
35063,"Mississauga--Streetsville","Mississauga--Streetsville"," 69","Mississauga",N,N,"",0,422,"Wolosz","","Gurdeep","People's Party - PPC","Parti populaire - PPC",N,N,4
35063,"Mississauga--Streetsville","Mississauga--Streetsville"," 70","Mississauga",N,N,"",1,552,"Hassan","","Farina","NDP-New Democratic Party","NPD-Nouveau Parti démocratique",N,N,38
35063,"Mississauga--Streetsville","Mississauga--Streetsville"," 70","Mississauga",N,N,"",1,552,"Hill","","Chris","Green Party","Parti Vert",N,N,2
35063,"Mississauga--Streetsville","Mississauga--Streetsville"," 70","Mississauga",N,N,"",1,552,"Rattan","","Jasveen","Conservative","Conservateur",N,N,42
35063,"Mississauga--Streetsville","Mississauga--Streetsville"," 70","Mississauga",N,N,"",1,552,"Spizzirri","","Natalie","Animal Protection Party","Parti Protection Animaux",N,N,0
35063,"Mississauga--Streetsville","Mississauga--Streetsville"," 70","Mississauga",N,N,"",1,552,"Valdez","","Rechie","Liberal","Libéral",N,Y,57
35063,"Mississauga--Streetsville","Mississauga--Streetsville"," 70","Mississauga",N,N,"",1,552,"Wolosz","","Gurdeep","People's Party - PPC","Parti populaire - PPC",N,N,10
35063,"Mississauga--Streetsville","Mississauga--Streetsville"," 71","Mississauga",N,N,"",1,547,"Hassan","","Farina","NDP-New Democratic Party","NPD-Nouveau Parti démocratique",N,N,37
35063,"Mississauga--Streetsville","Mississauga--Streetsville"," 71","Mississauga",N,N,"",1,547,"Hill","","Chris","Green Party","Parti Vert",N,N,6
35063,"Mississauga--Streetsville","Mississauga--Streetsville"," 71","Mississauga",N,N,"",1,547,"Rattan","","Jasveen","Conservative","Conservateur",N,N,53
35063,"Mississauga--Streetsville","Mississauga--Streetsville"," 71","Mississauga",N,N,"",1,547,"Spizzirri","","Natalie","Animal Protection Party","Parti Protection Animaux",N,N,0
35063,"Mississauga--Streetsville","Mississauga--Streetsville"," 71","Mississauga",N,N,"",1,547,"Valdez","","Rechie","Liberal","Libéral",N,Y,55
35063,"Mississauga--Streetsville","Mississauga--Streetsville"," 71","Mississauga",N,N,"",1,547,"Wolosz","","Gurdeep","People's Party - PPC","Parti populaire - PPC",N,N,6
35063,"Mississauga--Streetsville","Mississauga--Streetsville"," 72","Mississauga",N,N,"",2,556,"Hassan","","Farina","NDP-New Democratic Party","NPD-Nouveau Parti démocratique",N,N,29
35063,"Mississauga--Streetsville","Mississauga--Streetsville"," 72","Mississauga",N,N,"",2,556,"Hill","","Chris","Green Party","Parti Vert",N,N,7
35063,"Mississauga--Streetsville","Mississauga--Streetsville"," 72","Mississauga",N,N,"",2,556,"Rattan","","Jasveen","Conservative","Conservateur",N,N,46
35063,"Mississauga--Streetsville","Mississauga--Streetsville"," 72","Mississauga",N,N,"",2,556,"Spizzirri","","Natalie","Animal Protection Party","Parti Protection Animaux",N,N,3
35063,"Mississauga--Streetsville","Mississauga--Streetsville"," 72","Mississauga",N,N,"",2,556,"Valdez","","Rechie","Liberal","Libéral",N,Y,51
35063,"Mississauga--Streetsville","Mississauga--Streetsville"," 72","Mississauga",N,N,"",2,556,"Wolosz","","Gurdeep","People's Party - PPC","Parti populaire - PPC",N,N,8
35063,"Mississauga--Streetsville","Mississauga--Streetsville"," 73","Mississauga",N,N,"",1,413,"Hassan","","Farina","NDP-New Democratic Party","NPD-Nouveau Parti démocratique",N,N,18
35063,"Mississauga--Streetsville","Mississauga--Streetsville"," 73","Mississauga",N,N,"",1,413,"Hill","","Chris","Green Party","Parti Vert",N,N,0
35063,"Mississauga--Streetsville","Mississauga--Streetsville"," 73","Mississauga",N,N,"",1,413,"Rattan","","Jasveen","Conservative","Conservateur",N,N,37
35063,"Mississauga--Streetsville","Mississauga--Streetsville"," 73","Mississauga",N,N,"",1,413,"Spizzirri","","Natalie","Animal Protection Party","Parti Protection Animaux",N,N,1
35063,"Mississauga--Streetsville","Mississauga--Streetsville"," 73","Mississauga",N,N,"",1,413,"Valdez","","Rechie","Liberal","Libéral",N,Y,62
35063,"Mississauga--Streetsville","Mississauga--Streetsville"," 73","Mississauga",N,N,"",1,413,"Wolosz","","Gurdeep","People's Party - PPC","Parti populaire - PPC",N,N,1
35063,"Mississauga--Streetsville","Mississauga--Streetsville"," 74","Mississauga",N,N,"",0,420,"Hassan","","Farina","NDP-New Democratic Party","NPD-Nouveau Parti démocratique",N,N,13
35063,"Mississauga--Streetsville","Mississauga--Streetsville"," 74","Mississauga",N,N,"",0,420,"Hill","","Chris","Green Party","Parti Vert",N,N,5
35063,"Mississauga--Streetsville","Mississauga--Streetsville"," 74","Mississauga",N,N,"",0,420,"Rattan","","Jasveen","Conservative","Conservateur",N,N,46
35063,"Mississauga--Streetsville","Mississauga--Streetsville"," 74","Mississauga",N,N,"",0,420,"Spizzirri","","Natalie","Animal Protection Party","Parti Protection Animaux",N,N,0
35063,"Mississauga--Streetsville","Mississauga--Streetsville"," 74","Mississauga",N,N,"",0,420,"Valdez","","Rechie","Liberal","Libéral",N,Y,56
35063,"Mississauga--Streetsville","Mississauga--Streetsville"," 74","Mississauga",N,N,"",0,420,"Wolosz","","Gurdeep","People's Party - PPC","Parti populaire - PPC",N,N,11
35063,"Mississauga--Streetsville","Mississauga--Streetsville"," 75","Mississauga",N,N,"",0,318,"Hassan","","Farina","NDP-New Democratic Party","NPD-Nouveau Parti démocratique",N,N,16
35063,"Mississauga--Streetsville","Mississauga--Streetsville"," 75","Mississauga",N,N,"",0,318,"Hill","","Chris","Green Party","Parti Vert",N,N,2
35063,"Mississauga--Streetsville","Mississauga--Streetsville"," 75","Mississauga",N,N,"",0,318,"Rattan","","Jasveen","Conservative","Conservateur",N,N,44
35063,"Mississauga--Streetsville","Mississauga--Streetsville"," 75","Mississauga",N,N,"",0,318,"Spizzirri","","Natalie","Animal Protection Party","Parti Protection Animaux",N,N,0
35063,"Mississauga--Streetsville","Mississauga--Streetsville"," 75","Mississauga",N,N,"",0,318,"Valdez","","Rechie","Liberal","Libéral",N,Y,47
35063,"Mississauga--Streetsville","Mississauga--Streetsville"," 75","Mississauga",N,N,"",0,318,"Wolosz","","Gurdeep","People's Party - PPC","Parti populaire - PPC",N,N,3
35063,"Mississauga--Streetsville","Mississauga--Streetsville"," 76","Mississauga",N,N,"",0,325,"Hassan","","Farina","NDP-New Democratic Party","NPD-Nouveau Parti démocratique",N,N,6
35063,"Mississauga--Streetsville","Mississauga--Streetsville"," 76","Mississauga",N,N,"",0,325,"Hill","","Chris","Green Party","Parti Vert",N,N,2
35063,"Mississauga--Streetsville","Mississauga--Streetsville"," 76","Mississauga",N,N,"",0,325,"Rattan","","Jasveen","Conservative","Conservateur",N,N,52
35063,"Mississauga--Streetsville","Mississauga--Streetsville"," 76","Mississauga",N,N,"",0,325,"Spizzirri","","Natalie","Animal Protection Party","Parti Protection Animaux",N,N,0
35063,"Mississauga--Streetsville","Mississauga--Streetsville"," 76","Mississauga",N,N,"",0,325,"Valdez","","Rechie","Liberal","Libéral",N,Y,60
35063,"Mississauga--Streetsville","Mississauga--Streetsville"," 76","Mississauga",N,N,"",0,325,"Wolosz","","Gurdeep","People's Party - PPC","Parti populaire - PPC",N,N,4
35063,"Mississauga--Streetsville","Mississauga--Streetsville"," 77","Mississauga",N,N,"",1,305,"Hassan","","Farina","NDP-New Democratic Party","NPD-Nouveau Parti démocratique",N,N,21
35063,"Mississauga--Streetsville","Mississauga--Streetsville"," 77","Mississauga",N,N,"",1,305,"Hill","","Chris","Green Party","Parti Vert",N,N,3
35063,"Mississauga--Streetsville","Mississauga--Streetsville"," 77","Mississauga",N,N,"",1,305,"Rattan","","Jasveen","Conservative","Conservateur",N,N,41
35063,"Mississauga--Streetsville","Mississauga--Streetsville"," 77","Mississauga",N,N,"",1,305,"Spizzirri","","Natalie","Animal Protection Party","Parti Protection Animaux",N,N,1
35063,"Mississauga--Streetsville","Mississauga--Streetsville"," 77","Mississauga",N,N,"",1,305,"Valdez","","Rechie","Liberal","Libéral",N,Y,52
35063,"Mississauga--Streetsville","Mississauga--Streetsville"," 77","Mississauga",N,N,"",1,305,"Wolosz","","Gurdeep","People's Party - PPC","Parti populaire - PPC",N,N,11
35063,"Mississauga--Streetsville","Mississauga--Streetsville"," 78","Mississauga",N,N,"",2,320,"Hassan","","Farina","NDP-New Democratic Party","NPD-Nouveau Parti démocratique",N,N,4
35063,"Mississauga--Streetsville","Mississauga--Streetsville"," 78","Mississauga",N,N,"",2,320,"Hill","","Chris","Green Party","Parti Vert",N,N,3
35063,"Mississauga--Streetsville","Mississauga--Streetsville"," 78","Mississauga",N,N,"",2,320,"Rattan","","Jasveen","Conservative","Conservateur",N,N,40
35063,"Mississauga--Streetsville","Mississauga--Streetsville"," 78","Mississauga",N,N,"",2,320,"Spizzirri","","Natalie","Animal Protection Party","Parti Protection Animaux",N,N,0
35063,"Mississauga--Streetsville","Mississauga--Streetsville"," 78","Mississauga",N,N,"",2,320,"Valdez","","Rechie","Liberal","Libéral",N,Y,56
35063,"Mississauga--Streetsville","Mississauga--Streetsville"," 78","Mississauga",N,N,"",2,320,"Wolosz","","Gurdeep","People's Party - PPC","Parti populaire - PPC",N,N,2
35063,"Mississauga--Streetsville","Mississauga--Streetsville"," 79","Mississauga",N,N,"",0,425,"Hassan","","Farina","NDP-New Democratic Party","NPD-Nouveau Parti démocratique",N,N,27
35063,"Mississauga--Streetsville","Mississauga--Streetsville"," 79","Mississauga",N,N,"",0,425,"Hill","","Chris","Green Party","Parti Vert",N,N,3
35063,"Mississauga--Streetsville","Mississauga--Streetsville"," 79","Mississauga",N,N,"",0,425,"Rattan","","Jasveen","Conservative","Conservateur",N,N,39
35063,"Mississauga--Streetsville","Mississauga--Streetsville"," 79","Mississauga",N,N,"",0,425,"Spizzirri","","Natalie","Animal Protection Party","Parti Protection Animaux",N,N,0
35063,"Mississauga--Streetsville","Mississauga--Streetsville"," 79","Mississauga",N,N,"",0,425,"Valdez","","Rechie","Liberal","Libéral",N,Y,44
35063,"Mississauga--Streetsville","Mississauga--Streetsville"," 79","Mississauga",N,N,"",0,425,"Wolosz","","Gurdeep","People's Party - PPC","Parti populaire - PPC",N,N,9
35063,"Mississauga--Streetsville","Mississauga--Streetsville"," 80","Mississauga",N,N,"",2,520,"Hassan","","Farina","NDP-New Democratic Party","NPD-Nouveau Parti démocratique",N,N,13
35063,"Mississauga--Streetsville","Mississauga--Streetsville"," 80","Mississauga",N,N,"",2,520,"Hill","","Chris","Green Party","Parti Vert",N,N,2
35063,"Mississauga--Streetsville","Mississauga--Streetsville"," 80","Mississauga",N,N,"",2,520,"Rattan","","Jasveen","Conservative","Conservateur",N,N,51
35063,"Mississauga--Streetsville","Mississauga--Streetsville"," 80","Mississauga",N,N,"",2,520,"Spizzirri","","Natalie","Animal Protection Party","Parti Protection Animaux",N,N,1
35063,"Mississauga--Streetsville","Mississauga--Streetsville"," 80","Mississauga",N,N,"",2,520,"Valdez","","Rechie","Liberal","Libéral",N,Y,69
35063,"Mississauga--Streetsville","Mississauga--Streetsville"," 80","Mississauga",N,N,"",2,520,"Wolosz","","Gurdeep","People's Party - PPC","Parti populaire - PPC",N,N,2
35063,"Mississauga--Streetsville","Mississauga--Streetsville"," 81","Mississauga",N,N,"",0,373,"Hassan","","Farina","NDP-New Democratic Party","NPD-Nouveau Parti démocratique",N,N,6
35063,"Mississauga--Streetsville","Mississauga--Streetsville"," 81","Mississauga",N,N,"",0,373,"Hill","","Chris","Green Party","Parti Vert",N,N,2
35063,"Mississauga--Streetsville","Mississauga--Streetsville"," 81","Mississauga",N,N,"",0,373,"Rattan","","Jasveen","Conservative","Conservateur",N,N,55
35063,"Mississauga--Streetsville","Mississauga--Streetsville"," 81","Mississauga",N,N,"",0,373,"Spizzirri","","Natalie","Animal Protection Party","Parti Protection Animaux",N,N,0
35063,"Mississauga--Streetsville","Mississauga--Streetsville"," 81","Mississauga",N,N,"",0,373,"Valdez","","Rechie","Liberal","Libéral",N,Y,54
35063,"Mississauga--Streetsville","Mississauga--Streetsville"," 81","Mississauga",N,N,"",0,373,"Wolosz","","Gurdeep","People's Party - PPC","Parti populaire - PPC",N,N,1
35063,"Mississauga--Streetsville","Mississauga--Streetsville"," 82","Mississauga",N,N,"",0,457,"Hassan","","Farina","NDP-New Democratic Party","NPD-Nouveau Parti démocratique",N,N,14
35063,"Mississauga--Streetsville","Mississauga--Streetsville"," 82","Mississauga",N,N,"",0,457,"Hill","","Chris","Green Party","Parti Vert",N,N,4
35063,"Mississauga--Streetsville","Mississauga--Streetsville"," 82","Mississauga",N,N,"",0,457,"Rattan","","Jasveen","Conservative","Conservateur",N,N,47
35063,"Mississauga--Streetsville","Mississauga--Streetsville"," 82","Mississauga",N,N,"",0,457,"Spizzirri","","Natalie","Animal Protection Party","Parti Protection Animaux",N,N,1
35063,"Mississauga--Streetsville","Mississauga--Streetsville"," 82","Mississauga",N,N,"",0,457,"Valdez","","Rechie","Liberal","Libéral",N,Y,76
35063,"Mississauga--Streetsville","Mississauga--Streetsville"," 82","Mississauga",N,N,"",0,457,"Wolosz","","Gurdeep","People's Party - PPC","Parti populaire - PPC",N,N,8
35063,"Mississauga--Streetsville","Mississauga--Streetsville"," 83","Mississauga",N,N,"",0,479,"Hassan","","Farina","NDP-New Democratic Party","NPD-Nouveau Parti démocratique",N,N,20
35063,"Mississauga--Streetsville","Mississauga--Streetsville"," 83","Mississauga",N,N,"",0,479,"Hill","","Chris","Green Party","Parti Vert",N,N,11
35063,"Mississauga--Streetsville","Mississauga--Streetsville"," 83","Mississauga",N,N,"",0,479,"Rattan","","Jasveen","Conservative","Conservateur",N,N,53
35063,"Mississauga--Streetsville","Mississauga--Streetsville"," 83","Mississauga",N,N,"",0,479,"Spizzirri","","Natalie","Animal Protection Party","Parti Protection Animaux",N,N,1
35063,"Mississauga--Streetsville","Mississauga--Streetsville"," 83","Mississauga",N,N,"",0,479,"Valdez","","Rechie","Liberal","Libéral",N,Y,98
35063,"Mississauga--Streetsville","Mississauga--Streetsville"," 83","Mississauga",N,N,"",0,479,"Wolosz","","Gurdeep","People's Party - PPC","Parti populaire - PPC",N,N,4
35063,"Mississauga--Streetsville","Mississauga--Streetsville"," 84","Mississauga",N,N,"",1,498,"Hassan","","Farina","NDP-New Democratic Party","NPD-Nouveau Parti démocratique",N,N,9
35063,"Mississauga--Streetsville","Mississauga--Streetsville"," 84","Mississauga",N,N,"",1,498,"Hill","","Chris","Green Party","Parti Vert",N,N,1
35063,"Mississauga--Streetsville","Mississauga--Streetsville"," 84","Mississauga",N,N,"",1,498,"Rattan","","Jasveen","Conservative","Conservateur",N,N,37
35063,"Mississauga--Streetsville","Mississauga--Streetsville"," 84","Mississauga",N,N,"",1,498,"Spizzirri","","Natalie","Animal Protection Party","Parti Protection Animaux",N,N,0
35063,"Mississauga--Streetsville","Mississauga--Streetsville"," 84","Mississauga",N,N,"",1,498,"Valdez","","Rechie","Liberal","Libéral",N,Y,86
35063,"Mississauga--Streetsville","Mississauga--Streetsville"," 84","Mississauga",N,N,"",1,498,"Wolosz","","Gurdeep","People's Party - PPC","Parti populaire - PPC",N,N,4
35063,"Mississauga--Streetsville","Mississauga--Streetsville"," 85","Mississauga",N,N,"",0,415,"Hassan","","Farina","NDP-New Democratic Party","NPD-Nouveau Parti démocratique",N,N,8
35063,"Mississauga--Streetsville","Mississauga--Streetsville"," 85","Mississauga",N,N,"",0,415,"Hill","","Chris","Green Party","Parti Vert",N,N,2
35063,"Mississauga--Streetsville","Mississauga--Streetsville"," 85","Mississauga",N,N,"",0,415,"Rattan","","Jasveen","Conservative","Conservateur",N,N,43
35063,"Mississauga--Streetsville","Mississauga--Streetsville"," 85","Mississauga",N,N,"",0,415,"Spizzirri","","Natalie","Animal Protection Party","Parti Protection Animaux",N,N,0
35063,"Mississauga--Streetsville","Mississauga--Streetsville"," 85","Mississauga",N,N,"",0,415,"Valdez","","Rechie","Liberal","Libéral",N,Y,70
35063,"Mississauga--Streetsville","Mississauga--Streetsville"," 85","Mississauga",N,N,"",0,415,"Wolosz","","Gurdeep","People's Party - PPC","Parti populaire - PPC",N,N,2
35063,"Mississauga--Streetsville","Mississauga--Streetsville"," 86","Mississauga",N,N,"",3,454,"Hassan","","Farina","NDP-New Democratic Party","NPD-Nouveau Parti démocratique",N,N,25
35063,"Mississauga--Streetsville","Mississauga--Streetsville"," 86","Mississauga",N,N,"",3,454,"Hill","","Chris","Green Party","Parti Vert",N,N,0
35063,"Mississauga--Streetsville","Mississauga--Streetsville"," 86","Mississauga",N,N,"",3,454,"Rattan","","Jasveen","Conservative","Conservateur",N,N,47
35063,"Mississauga--Streetsville","Mississauga--Streetsville"," 86","Mississauga",N,N,"",3,454,"Spizzirri","","Natalie","Animal Protection Party","Parti Protection Animaux",N,N,0
35063,"Mississauga--Streetsville","Mississauga--Streetsville"," 86","Mississauga",N,N,"",3,454,"Valdez","","Rechie","Liberal","Libéral",N,Y,75
35063,"Mississauga--Streetsville","Mississauga--Streetsville"," 86","Mississauga",N,N,"",3,454,"Wolosz","","Gurdeep","People's Party - PPC","Parti populaire - PPC",N,N,1
35063,"Mississauga--Streetsville","Mississauga--Streetsville"," 87","Mississauga",N,N,"",0,383,"Hassan","","Farina","NDP-New Democratic Party","NPD-Nouveau Parti démocratique",N,N,12
35063,"Mississauga--Streetsville","Mississauga--Streetsville"," 87","Mississauga",N,N,"",0,383,"Hill","","Chris","Green Party","Parti Vert",N,N,2
35063,"Mississauga--Streetsville","Mississauga--Streetsville"," 87","Mississauga",N,N,"",0,383,"Rattan","","Jasveen","Conservative","Conservateur",N,N,35
35063,"Mississauga--Streetsville","Mississauga--Streetsville"," 87","Mississauga",N,N,"",0,383,"Spizzirri","","Natalie","Animal Protection Party","Parti Protection Animaux",N,N,0
35063,"Mississauga--Streetsville","Mississauga--Streetsville"," 87","Mississauga",N,N,"",0,383,"Valdez","","Rechie","Liberal","Libéral",N,Y,62
35063,"Mississauga--Streetsville","Mississauga--Streetsville"," 87","Mississauga",N,N,"",0,383,"Wolosz","","Gurdeep","People's Party - PPC","Parti populaire - PPC",N,N,7
35063,"Mississauga--Streetsville","Mississauga--Streetsville"," 88","Mississauga",N,N,"",0,430,"Hassan","","Farina","NDP-New Democratic Party","NPD-Nouveau Parti démocratique",N,N,26
35063,"Mississauga--Streetsville","Mississauga--Streetsville"," 88","Mississauga",N,N,"",0,430,"Hill","","Chris","Green Party","Parti Vert",N,N,1
35063,"Mississauga--Streetsville","Mississauga--Streetsville"," 88","Mississauga",N,N,"",0,430,"Rattan","","Jasveen","Conservative","Conservateur",N,N,42
35063,"Mississauga--Streetsville","Mississauga--Streetsville"," 88","Mississauga",N,N,"",0,430,"Spizzirri","","Natalie","Animal Protection Party","Parti Protection Animaux",N,N,0
35063,"Mississauga--Streetsville","Mississauga--Streetsville"," 88","Mississauga",N,N,"",0,430,"Valdez","","Rechie","Liberal","Libéral",N,Y,70
35063,"Mississauga--Streetsville","Mississauga--Streetsville"," 88","Mississauga",N,N,"",0,430,"Wolosz","","Gurdeep","People's Party - PPC","Parti populaire - PPC",N,N,6
35063,"Mississauga--Streetsville","Mississauga--Streetsville"," 89","Mississauga",N,N,"",7,337,"Hassan","","Farina","NDP-New Democratic Party","NPD-Nouveau Parti démocratique",N,N,22
35063,"Mississauga--Streetsville","Mississauga--Streetsville"," 89","Mississauga",N,N,"",7,337,"Hill","","Chris","Green Party","Parti Vert",N,N,5
35063,"Mississauga--Streetsville","Mississauga--Streetsville"," 89","Mississauga",N,N,"",7,337,"Rattan","","Jasveen","Conservative","Conservateur",N,N,72
35063,"Mississauga--Streetsville","Mississauga--Streetsville"," 89","Mississauga",N,N,"",7,337,"Spizzirri","","Natalie","Animal Protection Party","Parti Protection Animaux",N,N,0
35063,"Mississauga--Streetsville","Mississauga--Streetsville"," 89","Mississauga",N,N,"",7,337,"Valdez","","Rechie","Liberal","Libéral",N,Y,86
35063,"Mississauga--Streetsville","Mississauga--Streetsville"," 89","Mississauga",N,N,"",7,337,"Wolosz","","Gurdeep","People's Party - PPC","Parti populaire - PPC",N,N,2
35063,"Mississauga--Streetsville","Mississauga--Streetsville"," 90","Mississauga",N,N,"",0,442,"Hassan","","Farina","NDP-New Democratic Party","NPD-Nouveau Parti démocratique",N,N,25
35063,"Mississauga--Streetsville","Mississauga--Streetsville"," 90","Mississauga",N,N,"",0,442,"Hill","","Chris","Green Party","Parti Vert",N,N,6
35063,"Mississauga--Streetsville","Mississauga--Streetsville"," 90","Mississauga",N,N,"",0,442,"Rattan","","Jasveen","Conservative","Conservateur",N,N,55
35063,"Mississauga--Streetsville","Mississauga--Streetsville"," 90","Mississauga",N,N,"",0,442,"Spizzirri","","Natalie","Animal Protection Party","Parti Protection Animaux",N,N,2
35063,"Mississauga--Streetsville","Mississauga--Streetsville"," 90","Mississauga",N,N,"",0,442,"Valdez","","Rechie","Liberal","Libéral",N,Y,108
35063,"Mississauga--Streetsville","Mississauga--Streetsville"," 90","Mississauga",N,N,"",0,442,"Wolosz","","Gurdeep","People's Party - PPC","Parti populaire - PPC",N,N,5
35063,"Mississauga--Streetsville","Mississauga--Streetsville"," 91","Mississauga",N,N,"",2,468,"Hassan","","Farina","NDP-New Democratic Party","NPD-Nouveau Parti démocratique",N,N,34
35063,"Mississauga--Streetsville","Mississauga--Streetsville"," 91","Mississauga",N,N,"",2,468,"Hill","","Chris","Green Party","Parti Vert",N,N,2
35063,"Mississauga--Streetsville","Mississauga--Streetsville"," 91","Mississauga",N,N,"",2,468,"Rattan","","Jasveen","Conservative","Conservateur",N,N,46
35063,"Mississauga--Streetsville","Mississauga--Streetsville"," 91","Mississauga",N,N,"",2,468,"Spizzirri","","Natalie","Animal Protection Party","Parti Protection Animaux",N,N,1
35063,"Mississauga--Streetsville","Mississauga--Streetsville"," 91","Mississauga",N,N,"",2,468,"Valdez","","Rechie","Liberal","Libéral",N,Y,141
35063,"Mississauga--Streetsville","Mississauga--Streetsville"," 91","Mississauga",N,N,"",2,468,"Wolosz","","Gurdeep","People's Party - PPC","Parti populaire - PPC",N,N,3
35063,"Mississauga--Streetsville","Mississauga--Streetsville"," 92","Mississauga",N,N,"",0,471,"Hassan","","Farina","NDP-New Democratic Party","NPD-Nouveau Parti démocratique",N,N,22
35063,"Mississauga--Streetsville","Mississauga--Streetsville"," 92","Mississauga",N,N,"",0,471,"Hill","","Chris","Green Party","Parti Vert",N,N,2
35063,"Mississauga--Streetsville","Mississauga--Streetsville"," 92","Mississauga",N,N,"",0,471,"Rattan","","Jasveen","Conservative","Conservateur",N,N,40
35063,"Mississauga--Streetsville","Mississauga--Streetsville"," 92","Mississauga",N,N,"",0,471,"Spizzirri","","Natalie","Animal Protection Party","Parti Protection Animaux",N,N,1
35063,"Mississauga--Streetsville","Mississauga--Streetsville"," 92","Mississauga",N,N,"",0,471,"Valdez","","Rechie","Liberal","Libéral",N,Y,49
35063,"Mississauga--Streetsville","Mississauga--Streetsville"," 92","Mississauga",N,N,"",0,471,"Wolosz","","Gurdeep","People's Party - PPC","Parti populaire - PPC",N,N,3
35063,"Mississauga--Streetsville","Mississauga--Streetsville"," 93","Mississauga",N,N,"",2,570,"Hassan","","Farina","NDP-New Democratic Party","NPD-Nouveau Parti démocratique",N,N,15
35063,"Mississauga--Streetsville","Mississauga--Streetsville"," 93","Mississauga",N,N,"",2,570,"Hill","","Chris","Green Party","Parti Vert",N,N,2
35063,"Mississauga--Streetsville","Mississauga--Streetsville"," 93","Mississauga",N,N,"",2,570,"Rattan","","Jasveen","Conservative","Conservateur",N,N,25
35063,"Mississauga--Streetsville","Mississauga--Streetsville"," 93","Mississauga",N,N,"",2,570,"Spizzirri","","Natalie","Animal Protection Party","Parti Protection Animaux",N,N,0
35063,"Mississauga--Streetsville","Mississauga--Streetsville"," 93","Mississauga",N,N,"",2,570,"Valdez","","Rechie","Liberal","Libéral",N,Y,49
35063,"Mississauga--Streetsville","Mississauga--Streetsville"," 93","Mississauga",N,N,"",2,570,"Wolosz","","Gurdeep","People's Party - PPC","Parti populaire - PPC",N,N,5
35063,"Mississauga--Streetsville","Mississauga--Streetsville"," 94","Mississauga",N,N,"",0,444,"Hassan","","Farina","NDP-New Democratic Party","NPD-Nouveau Parti démocratique",N,N,22
35063,"Mississauga--Streetsville","Mississauga--Streetsville"," 94","Mississauga",N,N,"",0,444,"Hill","","Chris","Green Party","Parti Vert",N,N,2
35063,"Mississauga--Streetsville","Mississauga--Streetsville"," 94","Mississauga",N,N,"",0,444,"Rattan","","Jasveen","Conservative","Conservateur",N,N,30
35063,"Mississauga--Streetsville","Mississauga--Streetsville"," 94","Mississauga",N,N,"",0,444,"Spizzirri","","Natalie","Animal Protection Party","Parti Protection Animaux",N,N,0
35063,"Mississauga--Streetsville","Mississauga--Streetsville"," 94","Mississauga",N,N,"",0,444,"Valdez","","Rechie","Liberal","Libéral",N,Y,44
35063,"Mississauga--Streetsville","Mississauga--Streetsville"," 94","Mississauga",N,N,"",0,444,"Wolosz","","Gurdeep","People's Party - PPC","Parti populaire - PPC",N,N,8
35063,"Mississauga--Streetsville","Mississauga--Streetsville"," 95","Mississauga",N,N,"",1,346,"Hassan","","Farina","NDP-New Democratic Party","NPD-Nouveau Parti démocratique",N,N,11
35063,"Mississauga--Streetsville","Mississauga--Streetsville"," 95","Mississauga",N,N,"",1,346,"Hill","","Chris","Green Party","Parti Vert",N,N,5
35063,"Mississauga--Streetsville","Mississauga--Streetsville"," 95","Mississauga",N,N,"",1,346,"Rattan","","Jasveen","Conservative","Conservateur",N,N,29
35063,"Mississauga--Streetsville","Mississauga--Streetsville"," 95","Mississauga",N,N,"",1,346,"Spizzirri","","Natalie","Animal Protection Party","Parti Protection Animaux",N,N,0
35063,"Mississauga--Streetsville","Mississauga--Streetsville"," 95","Mississauga",N,N,"",1,346,"Valdez","","Rechie","Liberal","Libéral",N,Y,51
35063,"Mississauga--Streetsville","Mississauga--Streetsville"," 95","Mississauga",N,N,"",1,346,"Wolosz","","Gurdeep","People's Party - PPC","Parti populaire - PPC",N,N,6
35063,"Mississauga--Streetsville","Mississauga--Streetsville"," 96","Mississauga",N,N,"",2,562,"Hassan","","Farina","NDP-New Democratic Party","NPD-Nouveau Parti démocratique",N,N,16
35063,"Mississauga--Streetsville","Mississauga--Streetsville"," 96","Mississauga",N,N,"",2,562,"Hill","","Chris","Green Party","Parti Vert",N,N,3
35063,"Mississauga--Streetsville","Mississauga--Streetsville"," 96","Mississauga",N,N,"",2,562,"Rattan","","Jasveen","Conservative","Conservateur",N,N,62
35063,"Mississauga--Streetsville","Mississauga--Streetsville"," 96","Mississauga",N,N,"",2,562,"Spizzirri","","Natalie","Animal Protection Party","Parti Protection Animaux",N,N,0
35063,"Mississauga--Streetsville","Mississauga--Streetsville"," 96","Mississauga",N,N,"",2,562,"Valdez","","Rechie","Liberal","Libéral",N,Y,60
35063,"Mississauga--Streetsville","Mississauga--Streetsville"," 96","Mississauga",N,N,"",2,562,"Wolosz","","Gurdeep","People's Party - PPC","Parti populaire - PPC",N,N,4
35063,"Mississauga--Streetsville","Mississauga--Streetsville"," 97","Mississauga",N,N,"",3,481,"Hassan","","Farina","NDP-New Democratic Party","NPD-Nouveau Parti démocratique",N,N,9
35063,"Mississauga--Streetsville","Mississauga--Streetsville"," 97","Mississauga",N,N,"",3,481,"Hill","","Chris","Green Party","Parti Vert",N,N,2
35063,"Mississauga--Streetsville","Mississauga--Streetsville"," 97","Mississauga",N,N,"",3,481,"Rattan","","Jasveen","Conservative","Conservateur",N,N,56
35063,"Mississauga--Streetsville","Mississauga--Streetsville"," 97","Mississauga",N,N,"",3,481,"Spizzirri","","Natalie","Animal Protection Party","Parti Protection Animaux",N,N,0
35063,"Mississauga--Streetsville","Mississauga--Streetsville"," 97","Mississauga",N,N,"",3,481,"Valdez","","Rechie","Liberal","Libéral",N,Y,69
35063,"Mississauga--Streetsville","Mississauga--Streetsville"," 97","Mississauga",N,N,"",3,481,"Wolosz","","Gurdeep","People's Party - PPC","Parti populaire - PPC",N,N,3
35063,"Mississauga--Streetsville","Mississauga--Streetsville"," 98","Mississauga",N,N,"",6,583,"Hassan","","Farina","NDP-New Democratic Party","NPD-Nouveau Parti démocratique",N,N,24
35063,"Mississauga--Streetsville","Mississauga--Streetsville"," 98","Mississauga",N,N,"",6,583,"Hill","","Chris","Green Party","Parti Vert",N,N,2
35063,"Mississauga--Streetsville","Mississauga--Streetsville"," 98","Mississauga",N,N,"",6,583,"Rattan","","Jasveen","Conservative","Conservateur",N,N,59
35063,"Mississauga--Streetsville","Mississauga--Streetsville"," 98","Mississauga",N,N,"",6,583,"Spizzirri","","Natalie","Animal Protection Party","Parti Protection Animaux",N,N,0
35063,"Mississauga--Streetsville","Mississauga--Streetsville"," 98","Mississauga",N,N,"",6,583,"Valdez","","Rechie","Liberal","Libéral",N,Y,77
35063,"Mississauga--Streetsville","Mississauga--Streetsville"," 98","Mississauga",N,N,"",6,583,"Wolosz","","Gurdeep","People's Party - PPC","Parti populaire - PPC",N,N,9
35063,"Mississauga--Streetsville","Mississauga--Streetsville"," 99","Mississauga",N,N,"",0,404,"Hassan","","Farina","NDP-New Democratic Party","NPD-Nouveau Parti démocratique",N,N,33
35063,"Mississauga--Streetsville","Mississauga--Streetsville"," 99","Mississauga",N,N,"",0,404,"Hill","","Chris","Green Party","Parti Vert",N,N,0
35063,"Mississauga--Streetsville","Mississauga--Streetsville"," 99","Mississauga",N,N,"",0,404,"Rattan","","Jasveen","Conservative","Conservateur",N,N,29
35063,"Mississauga--Streetsville","Mississauga--Streetsville"," 99","Mississauga",N,N,"",0,404,"Spizzirri","","Natalie","Animal Protection Party","Parti Protection Animaux",N,N,0
35063,"Mississauga--Streetsville","Mississauga--Streetsville"," 99","Mississauga",N,N,"",0,404,"Valdez","","Rechie","Liberal","Libéral",N,Y,45
35063,"Mississauga--Streetsville","Mississauga--Streetsville"," 99","Mississauga",N,N,"",0,404,"Wolosz","","Gurdeep","People's Party - PPC","Parti populaire - PPC",N,N,4
35063,"Mississauga--Streetsville","Mississauga--Streetsville"," 100","Mississauga",N,N,"",1,393,"Hassan","","Farina","NDP-New Democratic Party","NPD-Nouveau Parti démocratique",N,N,15
35063,"Mississauga--Streetsville","Mississauga--Streetsville"," 100","Mississauga",N,N,"",1,393,"Hill","","Chris","Green Party","Parti Vert",N,N,5
35063,"Mississauga--Streetsville","Mississauga--Streetsville"," 100","Mississauga",N,N,"",1,393,"Rattan","","Jasveen","Conservative","Conservateur",N,N,51
35063,"Mississauga--Streetsville","Mississauga--Streetsville"," 100","Mississauga",N,N,"",1,393,"Spizzirri","","Natalie","Animal Protection Party","Parti Protection Animaux",N,N,0
35063,"Mississauga--Streetsville","Mississauga--Streetsville"," 100","Mississauga",N,N,"",1,393,"Valdez","","Rechie","Liberal","Libéral",N,Y,64
35063,"Mississauga--Streetsville","Mississauga--Streetsville"," 100","Mississauga",N,N,"",1,393,"Wolosz","","Gurdeep","People's Party - PPC","Parti populaire - PPC",N,N,8
35063,"Mississauga--Streetsville","Mississauga--Streetsville"," 101","Mississauga",N,N,"",0,277,"Hassan","","Farina","NDP-New Democratic Party","NPD-Nouveau Parti démocratique",N,N,16
35063,"Mississauga--Streetsville","Mississauga--Streetsville"," 101","Mississauga",N,N,"",0,277,"Hill","","Chris","Green Party","Parti Vert",N,N,3
35063,"Mississauga--Streetsville","Mississauga--Streetsville"," 101","Mississauga",N,N,"",0,277,"Rattan","","Jasveen","Conservative","Conservateur",N,N,18
35063,"Mississauga--Streetsville","Mississauga--Streetsville"," 101","Mississauga",N,N,"",0,277,"Spizzirri","","Natalie","Animal Protection Party","Parti Protection Animaux",N,N,0
35063,"Mississauga--Streetsville","Mississauga--Streetsville"," 101","Mississauga",N,N,"",0,277,"Valdez","","Rechie","Liberal","Libéral",N,Y,49
35063,"Mississauga--Streetsville","Mississauga--Streetsville"," 101","Mississauga",N,N,"",0,277,"Wolosz","","Gurdeep","People's Party - PPC","Parti populaire - PPC",N,N,3
35063,"Mississauga--Streetsville","Mississauga--Streetsville"," 102","Mississauga",N,N,"",0,421,"Hassan","","Farina","NDP-New Democratic Party","NPD-Nouveau Parti démocratique",N,N,16
35063,"Mississauga--Streetsville","Mississauga--Streetsville"," 102","Mississauga",N,N,"",0,421,"Hill","","Chris","Green Party","Parti Vert",N,N,3
35063,"Mississauga--Streetsville","Mississauga--Streetsville"," 102","Mississauga",N,N,"",0,421,"Rattan","","Jasveen","Conservative","Conservateur",N,N,31
35063,"Mississauga--Streetsville","Mississauga--Streetsville"," 102","Mississauga",N,N,"",0,421,"Spizzirri","","Natalie","Animal Protection Party","Parti Protection Animaux",N,N,0
35063,"Mississauga--Streetsville","Mississauga--Streetsville"," 102","Mississauga",N,N,"",0,421,"Valdez","","Rechie","Liberal","Libéral",N,Y,78
35063,"Mississauga--Streetsville","Mississauga--Streetsville"," 102","Mississauga",N,N,"",0,421,"Wolosz","","Gurdeep","People's Party - PPC","Parti populaire - PPC",N,N,9
35063,"Mississauga--Streetsville","Mississauga--Streetsville"," 103","Mississauga",N,N,"",2,506,"Hassan","","Farina","NDP-New Democratic Party","NPD-Nouveau Parti démocratique",N,N,28
35063,"Mississauga--Streetsville","Mississauga--Streetsville"," 103","Mississauga",N,N,"",2,506,"Hill","","Chris","Green Party","Parti Vert",N,N,3
35063,"Mississauga--Streetsville","Mississauga--Streetsville"," 103","Mississauga",N,N,"",2,506,"Rattan","","Jasveen","Conservative","Conservateur",N,N,74
35063,"Mississauga--Streetsville","Mississauga--Streetsville"," 103","Mississauga",N,N,"",2,506,"Spizzirri","","Natalie","Animal Protection Party","Parti Protection Animaux",N,N,0
35063,"Mississauga--Streetsville","Mississauga--Streetsville"," 103","Mississauga",N,N,"",2,506,"Valdez","","Rechie","Liberal","Libéral",N,Y,115
35063,"Mississauga--Streetsville","Mississauga--Streetsville"," 103","Mississauga",N,N,"",2,506,"Wolosz","","Gurdeep","People's Party - PPC","Parti populaire - PPC",N,N,5
35063,"Mississauga--Streetsville","Mississauga--Streetsville"," 104","Mississauga",N,N,"",2,385,"Hassan","","Farina","NDP-New Democratic Party","NPD-Nouveau Parti démocratique",N,N,22
35063,"Mississauga--Streetsville","Mississauga--Streetsville"," 104","Mississauga",N,N,"",2,385,"Hill","","Chris","Green Party","Parti Vert",N,N,7
35063,"Mississauga--Streetsville","Mississauga--Streetsville"," 104","Mississauga",N,N,"",2,385,"Rattan","","Jasveen","Conservative","Conservateur",N,N,72
35063,"Mississauga--Streetsville","Mississauga--Streetsville"," 104","Mississauga",N,N,"",2,385,"Spizzirri","","Natalie","Animal Protection Party","Parti Protection Animaux",N,N,1
35063,"Mississauga--Streetsville","Mississauga--Streetsville"," 104","Mississauga",N,N,"",2,385,"Valdez","","Rechie","Liberal","Libéral",N,Y,82
35063,"Mississauga--Streetsville","Mississauga--Streetsville"," 104","Mississauga",N,N,"",2,385,"Wolosz","","Gurdeep","People's Party - PPC","Parti populaire - PPC",N,N,5
35063,"Mississauga--Streetsville","Mississauga--Streetsville"," 105","Mississauga",N,N,"",2,466,"Hassan","","Farina","NDP-New Democratic Party","NPD-Nouveau Parti démocratique",N,N,13
35063,"Mississauga--Streetsville","Mississauga--Streetsville"," 105","Mississauga",N,N,"",2,466,"Hill","","Chris","Green Party","Parti Vert",N,N,7
35063,"Mississauga--Streetsville","Mississauga--Streetsville"," 105","Mississauga",N,N,"",2,466,"Rattan","","Jasveen","Conservative","Conservateur",N,N,88
35063,"Mississauga--Streetsville","Mississauga--Streetsville"," 105","Mississauga",N,N,"",2,466,"Spizzirri","","Natalie","Animal Protection Party","Parti Protection Animaux",N,N,1
35063,"Mississauga--Streetsville","Mississauga--Streetsville"," 105","Mississauga",N,N,"",2,466,"Valdez","","Rechie","Liberal","Libéral",N,Y,110
35063,"Mississauga--Streetsville","Mississauga--Streetsville"," 105","Mississauga",N,N,"",2,466,"Wolosz","","Gurdeep","People's Party - PPC","Parti populaire - PPC",N,N,10
35063,"Mississauga--Streetsville","Mississauga--Streetsville"," 106","Mississauga",N,N,"",0,187,"Hassan","","Farina","NDP-New Democratic Party","NPD-Nouveau Parti démocratique",N,N,11
35063,"Mississauga--Streetsville","Mississauga--Streetsville"," 106","Mississauga",N,N,"",0,187,"Hill","","Chris","Green Party","Parti Vert",N,N,2
35063,"Mississauga--Streetsville","Mississauga--Streetsville"," 106","Mississauga",N,N,"",0,187,"Rattan","","Jasveen","Conservative","Conservateur",N,N,44
35063,"Mississauga--Streetsville","Mississauga--Streetsville"," 106","Mississauga",N,N,"",0,187,"Spizzirri","","Natalie","Animal Protection Party","Parti Protection Animaux",N,N,0
35063,"Mississauga--Streetsville","Mississauga--Streetsville"," 106","Mississauga",N,N,"",0,187,"Valdez","","Rechie","Liberal","Libéral",N,Y,85
35063,"Mississauga--Streetsville","Mississauga--Streetsville"," 106","Mississauga",N,N,"",0,187,"Wolosz","","Gurdeep","People's Party - PPC","Parti populaire - PPC",N,N,3
35063,"Mississauga--Streetsville","Mississauga--Streetsville"," 107","Mississauga",N,N,"",0,481,"Hassan","","Farina","NDP-New Democratic Party","NPD-Nouveau Parti démocratique",N,N,19
35063,"Mississauga--Streetsville","Mississauga--Streetsville"," 107","Mississauga",N,N,"",0,481,"Hill","","Chris","Green Party","Parti Vert",N,N,6
35063,"Mississauga--Streetsville","Mississauga--Streetsville"," 107","Mississauga",N,N,"",0,481,"Rattan","","Jasveen","Conservative","Conservateur",N,N,56
35063,"Mississauga--Streetsville","Mississauga--Streetsville"," 107","Mississauga",N,N,"",0,481,"Spizzirri","","Natalie","Animal Protection Party","Parti Protection Animaux",N,N,0
35063,"Mississauga--Streetsville","Mississauga--Streetsville"," 107","Mississauga",N,N,"",0,481,"Valdez","","Rechie","Liberal","Libéral",N,Y,43
35063,"Mississauga--Streetsville","Mississauga--Streetsville"," 107","Mississauga",N,N,"",0,481,"Wolosz","","Gurdeep","People's Party - PPC","Parti populaire - PPC",N,N,4
35063,"Mississauga--Streetsville","Mississauga--Streetsville"," 108","Mississauga",N,N,"",0,460,"Hassan","","Farina","NDP-New Democratic Party","NPD-Nouveau Parti démocratique",N,N,13
35063,"Mississauga--Streetsville","Mississauga--Streetsville"," 108","Mississauga",N,N,"",0,460,"Hill","","Chris","Green Party","Parti Vert",N,N,2
35063,"Mississauga--Streetsville","Mississauga--Streetsville"," 108","Mississauga",N,N,"",0,460,"Rattan","","Jasveen","Conservative","Conservateur",N,N,24
35063,"Mississauga--Streetsville","Mississauga--Streetsville"," 108","Mississauga",N,N,"",0,460,"Spizzirri","","Natalie","Animal Protection Party","Parti Protection Animaux",N,N,0
35063,"Mississauga--Streetsville","Mississauga--Streetsville"," 108","Mississauga",N,N,"",0,460,"Valdez","","Rechie","Liberal","Libéral",N,Y,57
35063,"Mississauga--Streetsville","Mississauga--Streetsville"," 108","Mississauga",N,N,"",0,460,"Wolosz","","Gurdeep","People's Party - PPC","Parti populaire - PPC",N,N,3
35063,"Mississauga--Streetsville","Mississauga--Streetsville"," 109","Mississauga",N,N,"",0,324,"Hassan","","Farina","NDP-New Democratic Party","NPD-Nouveau Parti démocratique",N,N,2
35063,"Mississauga--Streetsville","Mississauga--Streetsville"," 109","Mississauga",N,N,"",0,324,"Hill","","Chris","Green Party","Parti Vert",N,N,1
35063,"Mississauga--Streetsville","Mississauga--Streetsville"," 109","Mississauga",N,N,"",0,324,"Rattan","","Jasveen","Conservative","Conservateur",N,N,21
35063,"Mississauga--Streetsville","Mississauga--Streetsville"," 109","Mississauga",N,N,"",0,324,"Spizzirri","","Natalie","Animal Protection Party","Parti Protection Animaux",N,N,0
35063,"Mississauga--Streetsville","Mississauga--Streetsville"," 109","Mississauga",N,N,"",0,324,"Valdez","","Rechie","Liberal","Libéral",N,Y,43
35063,"Mississauga--Streetsville","Mississauga--Streetsville"," 109","Mississauga",N,N,"",0,324,"Wolosz","","Gurdeep","People's Party - PPC","Parti populaire - PPC",N,N,5
35063,"Mississauga--Streetsville","Mississauga--Streetsville"," 110","Mississauga",N,N,"",1,449,"Hassan","","Farina","NDP-New Democratic Party","NPD-Nouveau Parti démocratique",N,N,12
35063,"Mississauga--Streetsville","Mississauga--Streetsville"," 110","Mississauga",N,N,"",1,449,"Hill","","Chris","Green Party","Parti Vert",N,N,3
35063,"Mississauga--Streetsville","Mississauga--Streetsville"," 110","Mississauga",N,N,"",1,449,"Rattan","","Jasveen","Conservative","Conservateur",N,N,58
35063,"Mississauga--Streetsville","Mississauga--Streetsville"," 110","Mississauga",N,N,"",1,449,"Spizzirri","","Natalie","Animal Protection Party","Parti Protection Animaux",N,N,1
35063,"Mississauga--Streetsville","Mississauga--Streetsville"," 110","Mississauga",N,N,"",1,449,"Valdez","","Rechie","Liberal","Libéral",N,Y,41
35063,"Mississauga--Streetsville","Mississauga--Streetsville"," 110","Mississauga",N,N,"",1,449,"Wolosz","","Gurdeep","People's Party - PPC","Parti populaire - PPC",N,N,12
35063,"Mississauga--Streetsville","Mississauga--Streetsville"," 111","Mississauga",N,N,"",0,428,"Hassan","","Farina","NDP-New Democratic Party","NPD-Nouveau Parti démocratique",N,N,21
35063,"Mississauga--Streetsville","Mississauga--Streetsville"," 111","Mississauga",N,N,"",0,428,"Hill","","Chris","Green Party","Parti Vert",N,N,3
35063,"Mississauga--Streetsville","Mississauga--Streetsville"," 111","Mississauga",N,N,"",0,428,"Rattan","","Jasveen","Conservative","Conservateur",N,N,31
35063,"Mississauga--Streetsville","Mississauga--Streetsville"," 111","Mississauga",N,N,"",0,428,"Spizzirri","","Natalie","Animal Protection Party","Parti Protection Animaux",N,N,0
35063,"Mississauga--Streetsville","Mississauga--Streetsville"," 111","Mississauga",N,N,"",0,428,"Valdez","","Rechie","Liberal","Libéral",N,Y,42
35063,"Mississauga--Streetsville","Mississauga--Streetsville"," 111","Mississauga",N,N,"",0,428,"Wolosz","","Gurdeep","People's Party - PPC","Parti populaire - PPC",N,N,2
35063,"Mississauga--Streetsville","Mississauga--Streetsville"," 112","Mississauga",N,N,"",0,448,"Hassan","","Farina","NDP-New Democratic Party","NPD-Nouveau Parti démocratique",N,N,25
35063,"Mississauga--Streetsville","Mississauga--Streetsville"," 112","Mississauga",N,N,"",0,448,"Hill","","Chris","Green Party","Parti Vert",N,N,0
35063,"Mississauga--Streetsville","Mississauga--Streetsville"," 112","Mississauga",N,N,"",0,448,"Rattan","","Jasveen","Conservative","Conservateur",N,N,33
35063,"Mississauga--Streetsville","Mississauga--Streetsville"," 112","Mississauga",N,N,"",0,448,"Spizzirri","","Natalie","Animal Protection Party","Parti Protection Animaux",N,N,0
35063,"Mississauga--Streetsville","Mississauga--Streetsville"," 112","Mississauga",N,N,"",0,448,"Valdez","","Rechie","Liberal","Libéral",N,Y,51
35063,"Mississauga--Streetsville","Mississauga--Streetsville"," 112","Mississauga",N,N,"",0,448,"Wolosz","","Gurdeep","People's Party - PPC","Parti populaire - PPC",N,N,1
35063,"Mississauga--Streetsville","Mississauga--Streetsville"," 113","Mississauga",N,N,"",1,514,"Hassan","","Farina","NDP-New Democratic Party","NPD-Nouveau Parti démocratique",N,N,24
35063,"Mississauga--Streetsville","Mississauga--Streetsville"," 113","Mississauga",N,N,"",1,514,"Hill","","Chris","Green Party","Parti Vert",N,N,0
35063,"Mississauga--Streetsville","Mississauga--Streetsville"," 113","Mississauga",N,N,"",1,514,"Rattan","","Jasveen","Conservative","Conservateur",N,N,60
35063,"Mississauga--Streetsville","Mississauga--Streetsville"," 113","Mississauga",N,N,"",1,514,"Spizzirri","","Natalie","Animal Protection Party","Parti Protection Animaux",N,N,0
35063,"Mississauga--Streetsville","Mississauga--Streetsville"," 113","Mississauga",N,N,"",1,514,"Valdez","","Rechie","Liberal","Libéral",N,Y,67
35063,"Mississauga--Streetsville","Mississauga--Streetsville"," 113","Mississauga",N,N,"",1,514,"Wolosz","","Gurdeep","People's Party - PPC","Parti populaire - PPC",N,N,3
35063,"Mississauga--Streetsville","Mississauga--Streetsville"," 114","Mississauga",N,N,"",4,418,"Hassan","","Farina","NDP-New Democratic Party","NPD-Nouveau Parti démocratique",N,N,14
35063,"Mississauga--Streetsville","Mississauga--Streetsville"," 114","Mississauga",N,N,"",4,418,"Hill","","Chris","Green Party","Parti Vert",N,N,1
35063,"Mississauga--Streetsville","Mississauga--Streetsville"," 114","Mississauga",N,N,"",4,418,"Rattan","","Jasveen","Conservative","Conservateur",N,N,51
35063,"Mississauga--Streetsville","Mississauga--Streetsville"," 114","Mississauga",N,N,"",4,418,"Spizzirri","","Natalie","Animal Protection Party","Parti Protection Animaux",N,N,1
35063,"Mississauga--Streetsville","Mississauga--Streetsville"," 114","Mississauga",N,N,"",4,418,"Valdez","","Rechie","Liberal","Libéral",N,Y,44
35063,"Mississauga--Streetsville","Mississauga--Streetsville"," 114","Mississauga",N,N,"",4,418,"Wolosz","","Gurdeep","People's Party - PPC","Parti populaire - PPC",N,N,3
35063,"Mississauga--Streetsville","Mississauga--Streetsville"," 115","Mississauga",N,N,"",1,474,"Hassan","","Farina","NDP-New Democratic Party","NPD-Nouveau Parti démocratique",N,N,12
35063,"Mississauga--Streetsville","Mississauga--Streetsville"," 115","Mississauga",N,N,"",1,474,"Hill","","Chris","Green Party","Parti Vert",N,N,5
35063,"Mississauga--Streetsville","Mississauga--Streetsville"," 115","Mississauga",N,N,"",1,474,"Rattan","","Jasveen","Conservative","Conservateur",N,N,51
35063,"Mississauga--Streetsville","Mississauga--Streetsville"," 115","Mississauga",N,N,"",1,474,"Spizzirri","","Natalie","Animal Protection Party","Parti Protection Animaux",N,N,0
35063,"Mississauga--Streetsville","Mississauga--Streetsville"," 115","Mississauga",N,N,"",1,474,"Valdez","","Rechie","Liberal","Libéral",N,Y,67
35063,"Mississauga--Streetsville","Mississauga--Streetsville"," 115","Mississauga",N,N,"",1,474,"Wolosz","","Gurdeep","People's Party - PPC","Parti populaire - PPC",N,N,6
35063,"Mississauga--Streetsville","Mississauga--Streetsville"," 116","Mississauga",N,N,"",1,466,"Hassan","","Farina","NDP-New Democratic Party","NPD-Nouveau Parti démocratique",N,N,27
35063,"Mississauga--Streetsville","Mississauga--Streetsville"," 116","Mississauga",N,N,"",1,466,"Hill","","Chris","Green Party","Parti Vert",N,N,3
35063,"Mississauga--Streetsville","Mississauga--Streetsville"," 116","Mississauga",N,N,"",1,466,"Rattan","","Jasveen","Conservative","Conservateur",N,N,65
35063,"Mississauga--Streetsville","Mississauga--Streetsville"," 116","Mississauga",N,N,"",1,466,"Spizzirri","","Natalie","Animal Protection Party","Parti Protection Animaux",N,N,0
35063,"Mississauga--Streetsville","Mississauga--Streetsville"," 116","Mississauga",N,N,"",1,466,"Valdez","","Rechie","Liberal","Libéral",N,Y,113
35063,"Mississauga--Streetsville","Mississauga--Streetsville"," 116","Mississauga",N,N,"",1,466,"Wolosz","","Gurdeep","People's Party - PPC","Parti populaire - PPC",N,N,6
35063,"Mississauga--Streetsville","Mississauga--Streetsville"," 117","Mississauga",N,N,"",0,424,"Hassan","","Farina","NDP-New Democratic Party","NPD-Nouveau Parti démocratique",N,N,23
35063,"Mississauga--Streetsville","Mississauga--Streetsville"," 117","Mississauga",N,N,"",0,424,"Hill","","Chris","Green Party","Parti Vert",N,N,3
35063,"Mississauga--Streetsville","Mississauga--Streetsville"," 117","Mississauga",N,N,"",0,424,"Rattan","","Jasveen","Conservative","Conservateur",N,N,40
35063,"Mississauga--Streetsville","Mississauga--Streetsville"," 117","Mississauga",N,N,"",0,424,"Spizzirri","","Natalie","Animal Protection Party","Parti Protection Animaux",N,N,1
35063,"Mississauga--Streetsville","Mississauga--Streetsville"," 117","Mississauga",N,N,"",0,424,"Valdez","","Rechie","Liberal","Libéral",N,Y,61
35063,"Mississauga--Streetsville","Mississauga--Streetsville"," 117","Mississauga",N,N,"",0,424,"Wolosz","","Gurdeep","People's Party - PPC","Parti populaire - PPC",N,N,5
35063,"Mississauga--Streetsville","Mississauga--Streetsville"," 118","Mississauga",N,N,"",1,448,"Hassan","","Farina","NDP-New Democratic Party","NPD-Nouveau Parti démocratique",N,N,31
35063,"Mississauga--Streetsville","Mississauga--Streetsville"," 118","Mississauga",N,N,"",1,448,"Hill","","Chris","Green Party","Parti Vert",N,N,4
35063,"Mississauga--Streetsville","Mississauga--Streetsville"," 118","Mississauga",N,N,"",1,448,"Rattan","","Jasveen","Conservative","Conservateur",N,N,37
35063,"Mississauga--Streetsville","Mississauga--Streetsville"," 118","Mississauga",N,N,"",1,448,"Spizzirri","","Natalie","Animal Protection Party","Parti Protection Animaux",N,N,1
35063,"Mississauga--Streetsville","Mississauga--Streetsville"," 118","Mississauga",N,N,"",1,448,"Valdez","","Rechie","Liberal","Libéral",N,Y,36
35063,"Mississauga--Streetsville","Mississauga--Streetsville"," 118","Mississauga",N,N,"",1,448,"Wolosz","","Gurdeep","People's Party - PPC","Parti populaire - PPC",N,N,4
35063,"Mississauga--Streetsville","Mississauga--Streetsville"," 119","Mississauga",N,N,"",0,493,"Hassan","","Farina","NDP-New Democratic Party","NPD-Nouveau Parti démocratique",N,N,28
35063,"Mississauga--Streetsville","Mississauga--Streetsville"," 119","Mississauga",N,N,"",0,493,"Hill","","Chris","Green Party","Parti Vert",N,N,1
35063,"Mississauga--Streetsville","Mississauga--Streetsville"," 119","Mississauga",N,N,"",0,493,"Rattan","","Jasveen","Conservative","Conservateur",N,N,55
35063,"Mississauga--Streetsville","Mississauga--Streetsville"," 119","Mississauga",N,N,"",0,493,"Spizzirri","","Natalie","Animal Protection Party","Parti Protection Animaux",N,N,2
35063,"Mississauga--Streetsville","Mississauga--Streetsville"," 119","Mississauga",N,N,"",0,493,"Valdez","","Rechie","Liberal","Libéral",N,Y,49
35063,"Mississauga--Streetsville","Mississauga--Streetsville"," 119","Mississauga",N,N,"",0,493,"Wolosz","","Gurdeep","People's Party - PPC","Parti populaire - PPC",N,N,9
35063,"Mississauga--Streetsville","Mississauga--Streetsville"," 120","Mississauga",N,N,"",0,279,"Hassan","","Farina","NDP-New Democratic Party","NPD-Nouveau Parti démocratique",N,N,19
35063,"Mississauga--Streetsville","Mississauga--Streetsville"," 120","Mississauga",N,N,"",0,279,"Hill","","Chris","Green Party","Parti Vert",N,N,1
35063,"Mississauga--Streetsville","Mississauga--Streetsville"," 120","Mississauga",N,N,"",0,279,"Rattan","","Jasveen","Conservative","Conservateur",N,N,26
35063,"Mississauga--Streetsville","Mississauga--Streetsville"," 120","Mississauga",N,N,"",0,279,"Spizzirri","","Natalie","Animal Protection Party","Parti Protection Animaux",N,N,0
35063,"Mississauga--Streetsville","Mississauga--Streetsville"," 120","Mississauga",N,N,"",0,279,"Valdez","","Rechie","Liberal","Libéral",N,Y,50
35063,"Mississauga--Streetsville","Mississauga--Streetsville"," 120","Mississauga",N,N,"",0,279,"Wolosz","","Gurdeep","People's Party - PPC","Parti populaire - PPC",N,N,4
35063,"Mississauga--Streetsville","Mississauga--Streetsville"," 121","Mississauga",N,N,"",2,489,"Hassan","","Farina","NDP-New Democratic Party","NPD-Nouveau Parti démocratique",N,N,15
35063,"Mississauga--Streetsville","Mississauga--Streetsville"," 121","Mississauga",N,N,"",2,489,"Hill","","Chris","Green Party","Parti Vert",N,N,5
35063,"Mississauga--Streetsville","Mississauga--Streetsville"," 121","Mississauga",N,N,"",2,489,"Rattan","","Jasveen","Conservative","Conservateur",N,N,55
35063,"Mississauga--Streetsville","Mississauga--Streetsville"," 121","Mississauga",N,N,"",2,489,"Spizzirri","","Natalie","Animal Protection Party","Parti Protection Animaux",N,N,0
35063,"Mississauga--Streetsville","Mississauga--Streetsville"," 121","Mississauga",N,N,"",2,489,"Valdez","","Rechie","Liberal","Libéral",N,Y,64
35063,"Mississauga--Streetsville","Mississauga--Streetsville"," 121","Mississauga",N,N,"",2,489,"Wolosz","","Gurdeep","People's Party - PPC","Parti populaire - PPC",N,N,3
35063,"Mississauga--Streetsville","Mississauga--Streetsville"," 122","Mississauga",N,N,"",0,276,"Hassan","","Farina","NDP-New Democratic Party","NPD-Nouveau Parti démocratique",N,N,6
35063,"Mississauga--Streetsville","Mississauga--Streetsville"," 122","Mississauga",N,N,"",0,276,"Hill","","Chris","Green Party","Parti Vert",N,N,3
35063,"Mississauga--Streetsville","Mississauga--Streetsville"," 122","Mississauga",N,N,"",0,276,"Rattan","","Jasveen","Conservative","Conservateur",N,N,25
35063,"Mississauga--Streetsville","Mississauga--Streetsville"," 122","Mississauga",N,N,"",0,276,"Spizzirri","","Natalie","Animal Protection Party","Parti Protection Animaux",N,N,0
35063,"Mississauga--Streetsville","Mississauga--Streetsville"," 122","Mississauga",N,N,"",0,276,"Valdez","","Rechie","Liberal","Libéral",N,Y,26
35063,"Mississauga--Streetsville","Mississauga--Streetsville"," 122","Mississauga",N,N,"",0,276,"Wolosz","","Gurdeep","People's Party - PPC","Parti populaire - PPC",N,N,10
35063,"Mississauga--Streetsville","Mississauga--Streetsville"," 123","Mississauga",N,N,"",0,503,"Hassan","","Farina","NDP-New Democratic Party","NPD-Nouveau Parti démocratique",N,N,34
35063,"Mississauga--Streetsville","Mississauga--Streetsville"," 123","Mississauga",N,N,"",0,503,"Hill","","Chris","Green Party","Parti Vert",N,N,8
35063,"Mississauga--Streetsville","Mississauga--Streetsville"," 123","Mississauga",N,N,"",0,503,"Rattan","","Jasveen","Conservative","Conservateur",N,N,61
35063,"Mississauga--Streetsville","Mississauga--Streetsville"," 123","Mississauga",N,N,"",0,503,"Spizzirri","","Natalie","Animal Protection Party","Parti Protection Animaux",N,N,2
35063,"Mississauga--Streetsville","Mississauga--Streetsville"," 123","Mississauga",N,N,"",0,503,"Valdez","","Rechie","Liberal","Libéral",N,Y,71
35063,"Mississauga--Streetsville","Mississauga--Streetsville"," 123","Mississauga",N,N,"",0,503,"Wolosz","","Gurdeep","People's Party - PPC","Parti populaire - PPC",N,N,5
35063,"Mississauga--Streetsville","Mississauga--Streetsville"," 124","Mississauga",N,N,"",0,466,"Hassan","","Farina","NDP-New Democratic Party","NPD-Nouveau Parti démocratique",N,N,21
35063,"Mississauga--Streetsville","Mississauga--Streetsville"," 124","Mississauga",N,N,"",0,466,"Hill","","Chris","Green Party","Parti Vert",N,N,5
35063,"Mississauga--Streetsville","Mississauga--Streetsville"," 124","Mississauga",N,N,"",0,466,"Rattan","","Jasveen","Conservative","Conservateur",N,N,50
35063,"Mississauga--Streetsville","Mississauga--Streetsville"," 124","Mississauga",N,N,"",0,466,"Spizzirri","","Natalie","Animal Protection Party","Parti Protection Animaux",N,N,0
35063,"Mississauga--Streetsville","Mississauga--Streetsville"," 124","Mississauga",N,N,"",0,466,"Valdez","","Rechie","Liberal","Libéral",N,Y,77
35063,"Mississauga--Streetsville","Mississauga--Streetsville"," 124","Mississauga",N,N,"",0,466,"Wolosz","","Gurdeep","People's Party - PPC","Parti populaire - PPC",N,N,3
35063,"Mississauga--Streetsville","Mississauga--Streetsville"," 125","Mississauga",N,N,"",1,527,"Hassan","","Farina","NDP-New Democratic Party","NPD-Nouveau Parti démocratique",N,N,38
35063,"Mississauga--Streetsville","Mississauga--Streetsville"," 125","Mississauga",N,N,"",1,527,"Hill","","Chris","Green Party","Parti Vert",N,N,4
35063,"Mississauga--Streetsville","Mississauga--Streetsville"," 125","Mississauga",N,N,"",1,527,"Rattan","","Jasveen","Conservative","Conservateur",N,N,67
35063,"Mississauga--Streetsville","Mississauga--Streetsville"," 125","Mississauga",N,N,"",1,527,"Spizzirri","","Natalie","Animal Protection Party","Parti Protection Animaux",N,N,1
35063,"Mississauga--Streetsville","Mississauga--Streetsville"," 125","Mississauga",N,N,"",1,527,"Valdez","","Rechie","Liberal","Libéral",N,Y,85
35063,"Mississauga--Streetsville","Mississauga--Streetsville"," 125","Mississauga",N,N,"",1,527,"Wolosz","","Gurdeep","People's Party - PPC","Parti populaire - PPC",N,N,8
35063,"Mississauga--Streetsville","Mississauga--Streetsville"," 126","Mississauga",N,N,"",2,483,"Hassan","","Farina","NDP-New Democratic Party","NPD-Nouveau Parti démocratique",N,N,23
35063,"Mississauga--Streetsville","Mississauga--Streetsville"," 126","Mississauga",N,N,"",2,483,"Hill","","Chris","Green Party","Parti Vert",N,N,5
35063,"Mississauga--Streetsville","Mississauga--Streetsville"," 126","Mississauga",N,N,"",2,483,"Rattan","","Jasveen","Conservative","Conservateur",N,N,47
35063,"Mississauga--Streetsville","Mississauga--Streetsville"," 126","Mississauga",N,N,"",2,483,"Spizzirri","","Natalie","Animal Protection Party","Parti Protection Animaux",N,N,3
35063,"Mississauga--Streetsville","Mississauga--Streetsville"," 126","Mississauga",N,N,"",2,483,"Valdez","","Rechie","Liberal","Libéral",N,Y,65
35063,"Mississauga--Streetsville","Mississauga--Streetsville"," 126","Mississauga",N,N,"",2,483,"Wolosz","","Gurdeep","People's Party - PPC","Parti populaire - PPC",N,N,7
35063,"Mississauga--Streetsville","Mississauga--Streetsville"," 127","Mississauga",N,N,"",1,357,"Hassan","","Farina","NDP-New Democratic Party","NPD-Nouveau Parti démocratique",N,N,32
35063,"Mississauga--Streetsville","Mississauga--Streetsville"," 127","Mississauga",N,N,"",1,357,"Hill","","Chris","Green Party","Parti Vert",N,N,3
35063,"Mississauga--Streetsville","Mississauga--Streetsville"," 127","Mississauga",N,N,"",1,357,"Rattan","","Jasveen","Conservative","Conservateur",N,N,36
35063,"Mississauga--Streetsville","Mississauga--Streetsville"," 127","Mississauga",N,N,"",1,357,"Spizzirri","","Natalie","Animal Protection Party","Parti Protection Animaux",N,N,1
35063,"Mississauga--Streetsville","Mississauga--Streetsville"," 127","Mississauga",N,N,"",1,357,"Valdez","","Rechie","Liberal","Libéral",N,Y,68
35063,"Mississauga--Streetsville","Mississauga--Streetsville"," 127","Mississauga",N,N,"",1,357,"Wolosz","","Gurdeep","People's Party - PPC","Parti populaire - PPC",N,N,6
35063,"Mississauga--Streetsville","Mississauga--Streetsville"," 128","Mississauga",N,N,"",2,520,"Hassan","","Farina","NDP-New Democratic Party","NPD-Nouveau Parti démocratique",N,N,37
35063,"Mississauga--Streetsville","Mississauga--Streetsville"," 128","Mississauga",N,N,"",2,520,"Hill","","Chris","Green Party","Parti Vert",N,N,12
35063,"Mississauga--Streetsville","Mississauga--Streetsville"," 128","Mississauga",N,N,"",2,520,"Rattan","","Jasveen","Conservative","Conservateur",N,N,58
35063,"Mississauga--Streetsville","Mississauga--Streetsville"," 128","Mississauga",N,N,"",2,520,"Spizzirri","","Natalie","Animal Protection Party","Parti Protection Animaux",N,N,1
35063,"Mississauga--Streetsville","Mississauga--Streetsville"," 128","Mississauga",N,N,"",2,520,"Valdez","","Rechie","Liberal","Libéral",N,Y,68
35063,"Mississauga--Streetsville","Mississauga--Streetsville"," 128","Mississauga",N,N,"",2,520,"Wolosz","","Gurdeep","People's Party - PPC","Parti populaire - PPC",N,N,15
35063,"Mississauga--Streetsville","Mississauga--Streetsville"," 129","Mississauga",N,N,"",0,350,"Hassan","","Farina","NDP-New Democratic Party","NPD-Nouveau Parti démocratique",N,N,24
35063,"Mississauga--Streetsville","Mississauga--Streetsville"," 129","Mississauga",N,N,"",0,350,"Hill","","Chris","Green Party","Parti Vert",N,N,8
35063,"Mississauga--Streetsville","Mississauga--Streetsville"," 129","Mississauga",N,N,"",0,350,"Rattan","","Jasveen","Conservative","Conservateur",N,N,50
35063,"Mississauga--Streetsville","Mississauga--Streetsville"," 129","Mississauga",N,N,"",0,350,"Spizzirri","","Natalie","Animal Protection Party","Parti Protection Animaux",N,N,1
35063,"Mississauga--Streetsville","Mississauga--Streetsville"," 129","Mississauga",N,N,"",0,350,"Valdez","","Rechie","Liberal","Libéral",N,Y,64
35063,"Mississauga--Streetsville","Mississauga--Streetsville"," 129","Mississauga",N,N,"",0,350,"Wolosz","","Gurdeep","People's Party - PPC","Parti populaire - PPC",N,N,10
35063,"Mississauga--Streetsville","Mississauga--Streetsville"," 130","Mississauga",N,N,"",0,483,"Hassan","","Farina","NDP-New Democratic Party","NPD-Nouveau Parti démocratique",N,N,8
35063,"Mississauga--Streetsville","Mississauga--Streetsville"," 130","Mississauga",N,N,"",0,483,"Hill","","Chris","Green Party","Parti Vert",N,N,2
35063,"Mississauga--Streetsville","Mississauga--Streetsville"," 130","Mississauga",N,N,"",0,483,"Rattan","","Jasveen","Conservative","Conservateur",N,N,50
35063,"Mississauga--Streetsville","Mississauga--Streetsville"," 130","Mississauga",N,N,"",0,483,"Spizzirri","","Natalie","Animal Protection Party","Parti Protection Animaux",N,N,2
35063,"Mississauga--Streetsville","Mississauga--Streetsville"," 130","Mississauga",N,N,"",0,483,"Valdez","","Rechie","Liberal","Libéral",N,Y,52
35063,"Mississauga--Streetsville","Mississauga--Streetsville"," 130","Mississauga",N,N,"",0,483,"Wolosz","","Gurdeep","People's Party - PPC","Parti populaire - PPC",N,N,0
35063,"Mississauga--Streetsville","Mississauga--Streetsville"," 131","Mississauga",N,N,"",1,435,"Hassan","","Farina","NDP-New Democratic Party","NPD-Nouveau Parti démocratique",N,N,5
35063,"Mississauga--Streetsville","Mississauga--Streetsville"," 131","Mississauga",N,N,"",1,435,"Hill","","Chris","Green Party","Parti Vert",N,N,1
35063,"Mississauga--Streetsville","Mississauga--Streetsville"," 131","Mississauga",N,N,"",1,435,"Rattan","","Jasveen","Conservative","Conservateur",N,N,50
35063,"Mississauga--Streetsville","Mississauga--Streetsville"," 131","Mississauga",N,N,"",1,435,"Spizzirri","","Natalie","Animal Protection Party","Parti Protection Animaux",N,N,0
35063,"Mississauga--Streetsville","Mississauga--Streetsville"," 131","Mississauga",N,N,"",1,435,"Valdez","","Rechie","Liberal","Libéral",N,Y,40
35063,"Mississauga--Streetsville","Mississauga--Streetsville"," 131","Mississauga",N,N,"",1,435,"Wolosz","","Gurdeep","People's Party - PPC","Parti populaire - PPC",N,N,2
35063,"Mississauga--Streetsville","Mississauga--Streetsville"," 132","Mississauga",N,N,"",0,444,"Hassan","","Farina","NDP-New Democratic Party","NPD-Nouveau Parti démocratique",N,N,3
35063,"Mississauga--Streetsville","Mississauga--Streetsville"," 132","Mississauga",N,N,"",0,444,"Hill","","Chris","Green Party","Parti Vert",N,N,2
35063,"Mississauga--Streetsville","Mississauga--Streetsville"," 132","Mississauga",N,N,"",0,444,"Rattan","","Jasveen","Conservative","Conservateur",N,N,43
35063,"Mississauga--Streetsville","Mississauga--Streetsville"," 132","Mississauga",N,N,"",0,444,"Spizzirri","","Natalie","Animal Protection Party","Parti Protection Animaux",N,N,1
35063,"Mississauga--Streetsville","Mississauga--Streetsville"," 132","Mississauga",N,N,"",0,444,"Valdez","","Rechie","Liberal","Libéral",N,Y,61
35063,"Mississauga--Streetsville","Mississauga--Streetsville"," 132","Mississauga",N,N,"",0,444,"Wolosz","","Gurdeep","People's Party - PPC","Parti populaire - PPC",N,N,0
35063,"Mississauga--Streetsville","Mississauga--Streetsville"," 133","Mississauga",N,N,"",1,463,"Hassan","","Farina","NDP-New Democratic Party","NPD-Nouveau Parti démocratique",N,N,8
35063,"Mississauga--Streetsville","Mississauga--Streetsville"," 133","Mississauga",N,N,"",1,463,"Hill","","Chris","Green Party","Parti Vert",N,N,0
35063,"Mississauga--Streetsville","Mississauga--Streetsville"," 133","Mississauga",N,N,"",1,463,"Rattan","","Jasveen","Conservative","Conservateur",N,N,62
35063,"Mississauga--Streetsville","Mississauga--Streetsville"," 133","Mississauga",N,N,"",1,463,"Spizzirri","","Natalie","Animal Protection Party","Parti Protection Animaux",N,N,0
35063,"Mississauga--Streetsville","Mississauga--Streetsville"," 133","Mississauga",N,N,"",1,463,"Valdez","","Rechie","Liberal","Libéral",N,Y,83
35063,"Mississauga--Streetsville","Mississauga--Streetsville"," 133","Mississauga",N,N,"",1,463,"Wolosz","","Gurdeep","People's Party - PPC","Parti populaire - PPC",N,N,3
35063,"Mississauga--Streetsville","Mississauga--Streetsville"," 134","Mississauga",N,N,"",1,383,"Hassan","","Farina","NDP-New Democratic Party","NPD-Nouveau Parti démocratique",N,N,4
35063,"Mississauga--Streetsville","Mississauga--Streetsville"," 134","Mississauga",N,N,"",1,383,"Hill","","Chris","Green Party","Parti Vert",N,N,2
35063,"Mississauga--Streetsville","Mississauga--Streetsville"," 134","Mississauga",N,N,"",1,383,"Rattan","","Jasveen","Conservative","Conservateur",N,N,49
35063,"Mississauga--Streetsville","Mississauga--Streetsville"," 134","Mississauga",N,N,"",1,383,"Spizzirri","","Natalie","Animal Protection Party","Parti Protection Animaux",N,N,0
35063,"Mississauga--Streetsville","Mississauga--Streetsville"," 134","Mississauga",N,N,"",1,383,"Valdez","","Rechie","Liberal","Libéral",N,Y,39
35063,"Mississauga--Streetsville","Mississauga--Streetsville"," 134","Mississauga",N,N,"",1,383,"Wolosz","","Gurdeep","People's Party - PPC","Parti populaire - PPC",N,N,3
35063,"Mississauga--Streetsville","Mississauga--Streetsville"," 135","Mississauga",N,N,"",0,464,"Hassan","","Farina","NDP-New Democratic Party","NPD-Nouveau Parti démocratique",N,N,8
35063,"Mississauga--Streetsville","Mississauga--Streetsville"," 135","Mississauga",N,N,"",0,464,"Hill","","Chris","Green Party","Parti Vert",N,N,2
35063,"Mississauga--Streetsville","Mississauga--Streetsville"," 135","Mississauga",N,N,"",0,464,"Rattan","","Jasveen","Conservative","Conservateur",N,N,46
35063,"Mississauga--Streetsville","Mississauga--Streetsville"," 135","Mississauga",N,N,"",0,464,"Spizzirri","","Natalie","Animal Protection Party","Parti Protection Animaux",N,N,1
35063,"Mississauga--Streetsville","Mississauga--Streetsville"," 135","Mississauga",N,N,"",0,464,"Valdez","","Rechie","Liberal","Libéral",N,Y,61
35063,"Mississauga--Streetsville","Mississauga--Streetsville"," 135","Mississauga",N,N,"",0,464,"Wolosz","","Gurdeep","People's Party - PPC","Parti populaire - PPC",N,N,0
35063,"Mississauga--Streetsville","Mississauga--Streetsville"," 136","Mississauga",N,N,"",1,315,"Hassan","","Farina","NDP-New Democratic Party","NPD-Nouveau Parti démocratique",N,N,18
35063,"Mississauga--Streetsville","Mississauga--Streetsville"," 136","Mississauga",N,N,"",1,315,"Hill","","Chris","Green Party","Parti Vert",N,N,0
35063,"Mississauga--Streetsville","Mississauga--Streetsville"," 136","Mississauga",N,N,"",1,315,"Rattan","","Jasveen","Conservative","Conservateur",N,N,49
35063,"Mississauga--Streetsville","Mississauga--Streetsville"," 136","Mississauga",N,N,"",1,315,"Spizzirri","","Natalie","Animal Protection Party","Parti Protection Animaux",N,N,0
35063,"Mississauga--Streetsville","Mississauga--Streetsville"," 136","Mississauga",N,N,"",1,315,"Valdez","","Rechie","Liberal","Libéral",N,Y,89
35063,"Mississauga--Streetsville","Mississauga--Streetsville"," 136","Mississauga",N,N,"",1,315,"Wolosz","","Gurdeep","People's Party - PPC","Parti populaire - PPC",N,N,10
35063,"Mississauga--Streetsville","Mississauga--Streetsville"," 137","Mississauga",N,N,"",0,419,"Hassan","","Farina","NDP-New Democratic Party","NPD-Nouveau Parti démocratique",N,N,21
35063,"Mississauga--Streetsville","Mississauga--Streetsville"," 137","Mississauga",N,N,"",0,419,"Hill","","Chris","Green Party","Parti Vert",N,N,0
35063,"Mississauga--Streetsville","Mississauga--Streetsville"," 137","Mississauga",N,N,"",0,419,"Rattan","","Jasveen","Conservative","Conservateur",N,N,73
35063,"Mississauga--Streetsville","Mississauga--Streetsville"," 137","Mississauga",N,N,"",0,419,"Spizzirri","","Natalie","Animal Protection Party","Parti Protection Animaux",N,N,1
35063,"Mississauga--Streetsville","Mississauga--Streetsville"," 137","Mississauga",N,N,"",0,419,"Valdez","","Rechie","Liberal","Libéral",N,Y,102
35063,"Mississauga--Streetsville","Mississauga--Streetsville"," 137","Mississauga",N,N,"",0,419,"Wolosz","","Gurdeep","People's Party - PPC","Parti populaire - PPC",N,N,6
35063,"Mississauga--Streetsville","Mississauga--Streetsville"," 138","Mississauga",N,N,"",0,408,"Hassan","","Farina","NDP-New Democratic Party","NPD-Nouveau Parti démocratique",N,N,26
35063,"Mississauga--Streetsville","Mississauga--Streetsville"," 138","Mississauga",N,N,"",0,408,"Hill","","Chris","Green Party","Parti Vert",N,N,2
35063,"Mississauga--Streetsville","Mississauga--Streetsville"," 138","Mississauga",N,N,"",0,408,"Rattan","","Jasveen","Conservative","Conservateur",N,N,76
35063,"Mississauga--Streetsville","Mississauga--Streetsville"," 138","Mississauga",N,N,"",0,408,"Spizzirri","","Natalie","Animal Protection Party","Parti Protection Animaux",N,N,1
35063,"Mississauga--Streetsville","Mississauga--Streetsville"," 138","Mississauga",N,N,"",0,408,"Valdez","","Rechie","Liberal","Libéral",N,Y,98
35063,"Mississauga--Streetsville","Mississauga--Streetsville"," 138","Mississauga",N,N,"",0,408,"Wolosz","","Gurdeep","People's Party - PPC","Parti populaire - PPC",N,N,2
35063,"Mississauga--Streetsville","Mississauga--Streetsville"," 139","Mississauga",N,N,"",2,513,"Hassan","","Farina","NDP-New Democratic Party","NPD-Nouveau Parti démocratique",N,N,26
35063,"Mississauga--Streetsville","Mississauga--Streetsville"," 139","Mississauga",N,N,"",2,513,"Hill","","Chris","Green Party","Parti Vert",N,N,7
35063,"Mississauga--Streetsville","Mississauga--Streetsville"," 139","Mississauga",N,N,"",2,513,"Rattan","","Jasveen","Conservative","Conservateur",N,N,46
35063,"Mississauga--Streetsville","Mississauga--Streetsville"," 139","Mississauga",N,N,"",2,513,"Spizzirri","","Natalie","Animal Protection Party","Parti Protection Animaux",N,N,2
35063,"Mississauga--Streetsville","Mississauga--Streetsville"," 139","Mississauga",N,N,"",2,513,"Valdez","","Rechie","Liberal","Libéral",N,Y,132
35063,"Mississauga--Streetsville","Mississauga--Streetsville"," 139","Mississauga",N,N,"",2,513,"Wolosz","","Gurdeep","People's Party - PPC","Parti populaire - PPC",N,N,12
35063,"Mississauga--Streetsville","Mississauga--Streetsville"," 140","Mississauga",N,N,"",2,503,"Hassan","","Farina","NDP-New Democratic Party","NPD-Nouveau Parti démocratique",N,N,16
35063,"Mississauga--Streetsville","Mississauga--Streetsville"," 140","Mississauga",N,N,"",2,503,"Hill","","Chris","Green Party","Parti Vert",N,N,3
35063,"Mississauga--Streetsville","Mississauga--Streetsville"," 140","Mississauga",N,N,"",2,503,"Rattan","","Jasveen","Conservative","Conservateur",N,N,66
35063,"Mississauga--Streetsville","Mississauga--Streetsville"," 140","Mississauga",N,N,"",2,503,"Spizzirri","","Natalie","Animal Protection Party","Parti Protection Animaux",N,N,3
35063,"Mississauga--Streetsville","Mississauga--Streetsville"," 140","Mississauga",N,N,"",2,503,"Valdez","","Rechie","Liberal","Libéral",N,Y,110
35063,"Mississauga--Streetsville","Mississauga--Streetsville"," 140","Mississauga",N,N,"",2,503,"Wolosz","","Gurdeep","People's Party - PPC","Parti populaire - PPC",N,N,6
35063,"Mississauga--Streetsville","Mississauga--Streetsville"," 141","Mississauga",N,N,"",6,557,"Hassan","","Farina","NDP-New Democratic Party","NPD-Nouveau Parti démocratique",N,N,35
35063,"Mississauga--Streetsville","Mississauga--Streetsville"," 141","Mississauga",N,N,"",6,557,"Hill","","Chris","Green Party","Parti Vert",N,N,5
35063,"Mississauga--Streetsville","Mississauga--Streetsville"," 141","Mississauga",N,N,"",6,557,"Rattan","","Jasveen","Conservative","Conservateur",N,N,61
35063,"Mississauga--Streetsville","Mississauga--Streetsville"," 141","Mississauga",N,N,"",6,557,"Spizzirri","","Natalie","Animal Protection Party","Parti Protection Animaux",N,N,1
35063,"Mississauga--Streetsville","Mississauga--Streetsville"," 141","Mississauga",N,N,"",6,557,"Valdez","","Rechie","Liberal","Libéral",N,Y,123
35063,"Mississauga--Streetsville","Mississauga--Streetsville"," 141","Mississauga",N,N,"",6,557,"Wolosz","","Gurdeep","People's Party - PPC","Parti populaire - PPC",N,N,6
35063,"Mississauga--Streetsville","Mississauga--Streetsville"," 142","Mississauga",N,N,"",2,527,"Hassan","","Farina","NDP-New Democratic Party","NPD-Nouveau Parti démocratique",N,N,38
35063,"Mississauga--Streetsville","Mississauga--Streetsville"," 142","Mississauga",N,N,"",2,527,"Hill","","Chris","Green Party","Parti Vert",N,N,11
35063,"Mississauga--Streetsville","Mississauga--Streetsville"," 142","Mississauga",N,N,"",2,527,"Rattan","","Jasveen","Conservative","Conservateur",N,N,58
35063,"Mississauga--Streetsville","Mississauga--Streetsville"," 142","Mississauga",N,N,"",2,527,"Spizzirri","","Natalie","Animal Protection Party","Parti Protection Animaux",N,N,0
35063,"Mississauga--Streetsville","Mississauga--Streetsville"," 142","Mississauga",N,N,"",2,527,"Valdez","","Rechie","Liberal","Libéral",N,Y,101
35063,"Mississauga--Streetsville","Mississauga--Streetsville"," 142","Mississauga",N,N,"",2,527,"Wolosz","","Gurdeep","People's Party - PPC","Parti populaire - PPC",N,N,10
35063,"Mississauga--Streetsville","Mississauga--Streetsville"," 143","Mississauga",N,N,"",1,616,"Hassan","","Farina","NDP-New Democratic Party","NPD-Nouveau Parti démocratique",N,N,32
35063,"Mississauga--Streetsville","Mississauga--Streetsville"," 143","Mississauga",N,N,"",1,616,"Hill","","Chris","Green Party","Parti Vert",N,N,1
35063,"Mississauga--Streetsville","Mississauga--Streetsville"," 143","Mississauga",N,N,"",1,616,"Rattan","","Jasveen","Conservative","Conservateur",N,N,84
35063,"Mississauga--Streetsville","Mississauga--Streetsville"," 143","Mississauga",N,N,"",1,616,"Spizzirri","","Natalie","Animal Protection Party","Parti Protection Animaux",N,N,1
35063,"Mississauga--Streetsville","Mississauga--Streetsville"," 143","Mississauga",N,N,"",1,616,"Valdez","","Rechie","Liberal","Libéral",N,Y,91
35063,"Mississauga--Streetsville","Mississauga--Streetsville"," 143","Mississauga",N,N,"",1,616,"Wolosz","","Gurdeep","People's Party - PPC","Parti populaire - PPC",N,N,10
35063,"Mississauga--Streetsville","Mississauga--Streetsville"," 144","Mississauga",N,N,"",0,396,"Hassan","","Farina","NDP-New Democratic Party","NPD-Nouveau Parti démocratique",N,N,22
35063,"Mississauga--Streetsville","Mississauga--Streetsville"," 144","Mississauga",N,N,"",0,396,"Hill","","Chris","Green Party","Parti Vert",N,N,3
35063,"Mississauga--Streetsville","Mississauga--Streetsville"," 144","Mississauga",N,N,"",0,396,"Rattan","","Jasveen","Conservative","Conservateur",N,N,40
35063,"Mississauga--Streetsville","Mississauga--Streetsville"," 144","Mississauga",N,N,"",0,396,"Spizzirri","","Natalie","Animal Protection Party","Parti Protection Animaux",N,N,0
35063,"Mississauga--Streetsville","Mississauga--Streetsville"," 144","Mississauga",N,N,"",0,396,"Valdez","","Rechie","Liberal","Libéral",N,Y,51
35063,"Mississauga--Streetsville","Mississauga--Streetsville"," 144","Mississauga",N,N,"",0,396,"Wolosz","","Gurdeep","People's Party - PPC","Parti populaire - PPC",N,N,6
35063,"Mississauga--Streetsville","Mississauga--Streetsville"," 145","Mississauga",N,N,"",1,406,"Hassan","","Farina","NDP-New Democratic Party","NPD-Nouveau Parti démocratique",N,N,9
35063,"Mississauga--Streetsville","Mississauga--Streetsville"," 145","Mississauga",N,N,"",1,406,"Hill","","Chris","Green Party","Parti Vert",N,N,1
35063,"Mississauga--Streetsville","Mississauga--Streetsville"," 145","Mississauga",N,N,"",1,406,"Rattan","","Jasveen","Conservative","Conservateur",N,N,43
35063,"Mississauga--Streetsville","Mississauga--Streetsville"," 145","Mississauga",N,N,"",1,406,"Spizzirri","","Natalie","Animal Protection Party","Parti Protection Animaux",N,N,2
35063,"Mississauga--Streetsville","Mississauga--Streetsville"," 145","Mississauga",N,N,"",1,406,"Valdez","","Rechie","Liberal","Libéral",N,Y,54
35063,"Mississauga--Streetsville","Mississauga--Streetsville"," 145","Mississauga",N,N,"",1,406,"Wolosz","","Gurdeep","People's Party - PPC","Parti populaire - PPC",N,N,5
35063,"Mississauga--Streetsville","Mississauga--Streetsville"," 146","Mississauga",N,N,"",2,389,"Hassan","","Farina","NDP-New Democratic Party","NPD-Nouveau Parti démocratique",N,N,15
35063,"Mississauga--Streetsville","Mississauga--Streetsville"," 146","Mississauga",N,N,"",2,389,"Hill","","Chris","Green Party","Parti Vert",N,N,4
35063,"Mississauga--Streetsville","Mississauga--Streetsville"," 146","Mississauga",N,N,"",2,389,"Rattan","","Jasveen","Conservative","Conservateur",N,N,46
35063,"Mississauga--Streetsville","Mississauga--Streetsville"," 146","Mississauga",N,N,"",2,389,"Spizzirri","","Natalie","Animal Protection Party","Parti Protection Animaux",N,N,0
35063,"Mississauga--Streetsville","Mississauga--Streetsville"," 146","Mississauga",N,N,"",2,389,"Valdez","","Rechie","Liberal","Libéral",N,Y,48
35063,"Mississauga--Streetsville","Mississauga--Streetsville"," 146","Mississauga",N,N,"",2,389,"Wolosz","","Gurdeep","People's Party - PPC","Parti populaire - PPC",N,N,4
35063,"Mississauga--Streetsville","Mississauga--Streetsville"," 147","Mississauga",N,N,"",0,490,"Hassan","","Farina","NDP-New Democratic Party","NPD-Nouveau Parti démocratique",N,N,40
35063,"Mississauga--Streetsville","Mississauga--Streetsville"," 147","Mississauga",N,N,"",0,490,"Hill","","Chris","Green Party","Parti Vert",N,N,3
35063,"Mississauga--Streetsville","Mississauga--Streetsville"," 147","Mississauga",N,N,"",0,490,"Rattan","","Jasveen","Conservative","Conservateur",N,N,61
35063,"Mississauga--Streetsville","Mississauga--Streetsville"," 147","Mississauga",N,N,"",0,490,"Spizzirri","","Natalie","Animal Protection Party","Parti Protection Animaux",N,N,2
35063,"Mississauga--Streetsville","Mississauga--Streetsville"," 147","Mississauga",N,N,"",0,490,"Valdez","","Rechie","Liberal","Libéral",N,Y,66
35063,"Mississauga--Streetsville","Mississauga--Streetsville"," 147","Mississauga",N,N,"",0,490,"Wolosz","","Gurdeep","People's Party - PPC","Parti populaire - PPC",N,N,5
35063,"Mississauga--Streetsville","Mississauga--Streetsville"," 148","Mississauga",N,N,"",1,470,"Hassan","","Farina","NDP-New Democratic Party","NPD-Nouveau Parti démocratique",N,N,11
35063,"Mississauga--Streetsville","Mississauga--Streetsville"," 148","Mississauga",N,N,"",1,470,"Hill","","Chris","Green Party","Parti Vert",N,N,3
35063,"Mississauga--Streetsville","Mississauga--Streetsville"," 148","Mississauga",N,N,"",1,470,"Rattan","","Jasveen","Conservative","Conservateur",N,N,55
35063,"Mississauga--Streetsville","Mississauga--Streetsville"," 148","Mississauga",N,N,"",1,470,"Spizzirri","","Natalie","Animal Protection Party","Parti Protection Animaux",N,N,0
35063,"Mississauga--Streetsville","Mississauga--Streetsville"," 148","Mississauga",N,N,"",1,470,"Valdez","","Rechie","Liberal","Libéral",N,Y,62
35063,"Mississauga--Streetsville","Mississauga--Streetsville"," 148","Mississauga",N,N,"",1,470,"Wolosz","","Gurdeep","People's Party - PPC","Parti populaire - PPC",N,N,1
35063,"Mississauga--Streetsville","Mississauga--Streetsville"," 149","Mississauga",N,N,"",0,394,"Hassan","","Farina","NDP-New Democratic Party","NPD-Nouveau Parti démocratique",N,N,12
35063,"Mississauga--Streetsville","Mississauga--Streetsville"," 149","Mississauga",N,N,"",0,394,"Hill","","Chris","Green Party","Parti Vert",N,N,0
35063,"Mississauga--Streetsville","Mississauga--Streetsville"," 149","Mississauga",N,N,"",0,394,"Rattan","","Jasveen","Conservative","Conservateur",N,N,42
35063,"Mississauga--Streetsville","Mississauga--Streetsville"," 149","Mississauga",N,N,"",0,394,"Spizzirri","","Natalie","Animal Protection Party","Parti Protection Animaux",N,N,1
35063,"Mississauga--Streetsville","Mississauga--Streetsville"," 149","Mississauga",N,N,"",0,394,"Valdez","","Rechie","Liberal","Libéral",N,Y,49
35063,"Mississauga--Streetsville","Mississauga--Streetsville"," 149","Mississauga",N,N,"",0,394,"Wolosz","","Gurdeep","People's Party - PPC","Parti populaire - PPC",N,N,3
35063,"Mississauga--Streetsville","Mississauga--Streetsville"," 150","Mississauga",N,N,"",3,539,"Hassan","","Farina","NDP-New Democratic Party","NPD-Nouveau Parti démocratique",N,N,28
35063,"Mississauga--Streetsville","Mississauga--Streetsville"," 150","Mississauga",N,N,"",3,539,"Hill","","Chris","Green Party","Parti Vert",N,N,1
35063,"Mississauga--Streetsville","Mississauga--Streetsville"," 150","Mississauga",N,N,"",3,539,"Rattan","","Jasveen","Conservative","Conservateur",N,N,50
35063,"Mississauga--Streetsville","Mississauga--Streetsville"," 150","Mississauga",N,N,"",3,539,"Spizzirri","","Natalie","Animal Protection Party","Parti Protection Animaux",N,N,1
35063,"Mississauga--Streetsville","Mississauga--Streetsville"," 150","Mississauga",N,N,"",3,539,"Valdez","","Rechie","Liberal","Libéral",N,Y,64
35063,"Mississauga--Streetsville","Mississauga--Streetsville"," 150","Mississauga",N,N,"",3,539,"Wolosz","","Gurdeep","People's Party - PPC","Parti populaire - PPC",N,N,15
35063,"Mississauga--Streetsville","Mississauga--Streetsville"," 151","Mississauga",N,N,"",0,473,"Hassan","","Farina","NDP-New Democratic Party","NPD-Nouveau Parti démocratique",N,N,11
35063,"Mississauga--Streetsville","Mississauga--Streetsville"," 151","Mississauga",N,N,"",0,473,"Hill","","Chris","Green Party","Parti Vert",N,N,4
35063,"Mississauga--Streetsville","Mississauga--Streetsville"," 151","Mississauga",N,N,"",0,473,"Rattan","","Jasveen","Conservative","Conservateur",N,N,46
35063,"Mississauga--Streetsville","Mississauga--Streetsville"," 151","Mississauga",N,N,"",0,473,"Spizzirri","","Natalie","Animal Protection Party","Parti Protection Animaux",N,N,0
35063,"Mississauga--Streetsville","Mississauga--Streetsville"," 151","Mississauga",N,N,"",0,473,"Valdez","","Rechie","Liberal","Libéral",N,Y,63
35063,"Mississauga--Streetsville","Mississauga--Streetsville"," 151","Mississauga",N,N,"",0,473,"Wolosz","","Gurdeep","People's Party - PPC","Parti populaire - PPC",N,N,14
35063,"Mississauga--Streetsville","Mississauga--Streetsville"," 152","Mississauga",N,N,"",1,452,"Hassan","","Farina","NDP-New Democratic Party","NPD-Nouveau Parti démocratique",N,N,18
35063,"Mississauga--Streetsville","Mississauga--Streetsville"," 152","Mississauga",N,N,"",1,452,"Hill","","Chris","Green Party","Parti Vert",N,N,3
35063,"Mississauga--Streetsville","Mississauga--Streetsville"," 152","Mississauga",N,N,"",1,452,"Rattan","","Jasveen","Conservative","Conservateur",N,N,37
35063,"Mississauga--Streetsville","Mississauga--Streetsville"," 152","Mississauga",N,N,"",1,452,"Spizzirri","","Natalie","Animal Protection Party","Parti Protection Animaux",N,N,0
35063,"Mississauga--Streetsville","Mississauga--Streetsville"," 152","Mississauga",N,N,"",1,452,"Valdez","","Rechie","Liberal","Libéral",N,Y,48
35063,"Mississauga--Streetsville","Mississauga--Streetsville"," 152","Mississauga",N,N,"",1,452,"Wolosz","","Gurdeep","People's Party - PPC","Parti populaire - PPC",N,N,9
35063,"Mississauga--Streetsville","Mississauga--Streetsville"," 153","Mississauga",N,N,"",0,391,"Hassan","","Farina","NDP-New Democratic Party","NPD-Nouveau Parti démocratique",N,N,21
35063,"Mississauga--Streetsville","Mississauga--Streetsville"," 153","Mississauga",N,N,"",0,391,"Hill","","Chris","Green Party","Parti Vert",N,N,4
35063,"Mississauga--Streetsville","Mississauga--Streetsville"," 153","Mississauga",N,N,"",0,391,"Rattan","","Jasveen","Conservative","Conservateur",N,N,38
35063,"Mississauga--Streetsville","Mississauga--Streetsville"," 153","Mississauga",N,N,"",0,391,"Spizzirri","","Natalie","Animal Protection Party","Parti Protection Animaux",N,N,0
35063,"Mississauga--Streetsville","Mississauga--Streetsville"," 153","Mississauga",N,N,"",0,391,"Valdez","","Rechie","Liberal","Libéral",N,Y,76
35063,"Mississauga--Streetsville","Mississauga--Streetsville"," 153","Mississauga",N,N,"",0,391,"Wolosz","","Gurdeep","People's Party - PPC","Parti populaire - PPC",N,N,6
35063,"Mississauga--Streetsville","Mississauga--Streetsville"," 154","Mississauga",N,N,"",0,294,"Hassan","","Farina","NDP-New Democratic Party","NPD-Nouveau Parti démocratique",N,N,20
35063,"Mississauga--Streetsville","Mississauga--Streetsville"," 154","Mississauga",N,N,"",0,294,"Hill","","Chris","Green Party","Parti Vert",N,N,2
35063,"Mississauga--Streetsville","Mississauga--Streetsville"," 154","Mississauga",N,N,"",0,294,"Rattan","","Jasveen","Conservative","Conservateur",N,N,26
35063,"Mississauga--Streetsville","Mississauga--Streetsville"," 154","Mississauga",N,N,"",0,294,"Spizzirri","","Natalie","Animal Protection Party","Parti Protection Animaux",N,N,0
35063,"Mississauga--Streetsville","Mississauga--Streetsville"," 154","Mississauga",N,N,"",0,294,"Valdez","","Rechie","Liberal","Libéral",N,Y,55
35063,"Mississauga--Streetsville","Mississauga--Streetsville"," 154","Mississauga",N,N,"",0,294,"Wolosz","","Gurdeep","People's Party - PPC","Parti populaire - PPC",N,N,4
35063,"Mississauga--Streetsville","Mississauga--Streetsville"," 155","Mississauga",N,N,"",0,354,"Hassan","","Farina","NDP-New Democratic Party","NPD-Nouveau Parti démocratique",N,N,14
35063,"Mississauga--Streetsville","Mississauga--Streetsville"," 155","Mississauga",N,N,"",0,354,"Hill","","Chris","Green Party","Parti Vert",N,N,2
35063,"Mississauga--Streetsville","Mississauga--Streetsville"," 155","Mississauga",N,N,"",0,354,"Rattan","","Jasveen","Conservative","Conservateur",N,N,43
35063,"Mississauga--Streetsville","Mississauga--Streetsville"," 155","Mississauga",N,N,"",0,354,"Spizzirri","","Natalie","Animal Protection Party","Parti Protection Animaux",N,N,0
35063,"Mississauga--Streetsville","Mississauga--Streetsville"," 155","Mississauga",N,N,"",0,354,"Valdez","","Rechie","Liberal","Libéral",N,Y,68
35063,"Mississauga--Streetsville","Mississauga--Streetsville"," 155","Mississauga",N,N,"",0,354,"Wolosz","","Gurdeep","People's Party - PPC","Parti populaire - PPC",N,N,4
35063,"Mississauga--Streetsville","Mississauga--Streetsville"," 156","Mississauga",N,N,"",1,430,"Hassan","","Farina","NDP-New Democratic Party","NPD-Nouveau Parti démocratique",N,N,19
35063,"Mississauga--Streetsville","Mississauga--Streetsville"," 156","Mississauga",N,N,"",1,430,"Hill","","Chris","Green Party","Parti Vert",N,N,4
35063,"Mississauga--Streetsville","Mississauga--Streetsville"," 156","Mississauga",N,N,"",1,430,"Rattan","","Jasveen","Conservative","Conservateur",N,N,44
35063,"Mississauga--Streetsville","Mississauga--Streetsville"," 156","Mississauga",N,N,"",1,430,"Spizzirri","","Natalie","Animal Protection Party","Parti Protection Animaux",N,N,0
35063,"Mississauga--Streetsville","Mississauga--Streetsville"," 156","Mississauga",N,N,"",1,430,"Valdez","","Rechie","Liberal","Libéral",N,Y,72
35063,"Mississauga--Streetsville","Mississauga--Streetsville"," 156","Mississauga",N,N,"",1,430,"Wolosz","","Gurdeep","People's Party - PPC","Parti populaire - PPC",N,N,4
35063,"Mississauga--Streetsville","Mississauga--Streetsville"," 157","Mississauga",N,N,"",1,341,"Hassan","","Farina","NDP-New Democratic Party","NPD-Nouveau Parti démocratique",N,N,23
35063,"Mississauga--Streetsville","Mississauga--Streetsville"," 157","Mississauga",N,N,"",1,341,"Hill","","Chris","Green Party","Parti Vert",N,N,3
35063,"Mississauga--Streetsville","Mississauga--Streetsville"," 157","Mississauga",N,N,"",1,341,"Rattan","","Jasveen","Conservative","Conservateur",N,N,48
35063,"Mississauga--Streetsville","Mississauga--Streetsville"," 157","Mississauga",N,N,"",1,341,"Spizzirri","","Natalie","Animal Protection Party","Parti Protection Animaux",N,N,1
35063,"Mississauga--Streetsville","Mississauga--Streetsville"," 157","Mississauga",N,N,"",1,341,"Valdez","","Rechie","Liberal","Libéral",N,Y,59
35063,"Mississauga--Streetsville","Mississauga--Streetsville"," 157","Mississauga",N,N,"",1,341,"Wolosz","","Gurdeep","People's Party - PPC","Parti populaire - PPC",N,N,4
35063,"Mississauga--Streetsville","Mississauga--Streetsville"," 158","Mississauga",N,N,"",0,446,"Hassan","","Farina","NDP-New Democratic Party","NPD-Nouveau Parti démocratique",N,N,15
35063,"Mississauga--Streetsville","Mississauga--Streetsville"," 158","Mississauga",N,N,"",0,446,"Hill","","Chris","Green Party","Parti Vert",N,N,0
35063,"Mississauga--Streetsville","Mississauga--Streetsville"," 158","Mississauga",N,N,"",0,446,"Rattan","","Jasveen","Conservative","Conservateur",N,N,78
35063,"Mississauga--Streetsville","Mississauga--Streetsville"," 158","Mississauga",N,N,"",0,446,"Spizzirri","","Natalie","Animal Protection Party","Parti Protection Animaux",N,N,0
35063,"Mississauga--Streetsville","Mississauga--Streetsville"," 158","Mississauga",N,N,"",0,446,"Valdez","","Rechie","Liberal","Libéral",N,Y,53
35063,"Mississauga--Streetsville","Mississauga--Streetsville"," 158","Mississauga",N,N,"",0,446,"Wolosz","","Gurdeep","People's Party - PPC","Parti populaire - PPC",N,N,5
35063,"Mississauga--Streetsville","Mississauga--Streetsville"," 159","Mississauga",N,N,"",2,328,"Hassan","","Farina","NDP-New Democratic Party","NPD-Nouveau Parti démocratique",N,N,11
35063,"Mississauga--Streetsville","Mississauga--Streetsville"," 159","Mississauga",N,N,"",2,328,"Hill","","Chris","Green Party","Parti Vert",N,N,1
35063,"Mississauga--Streetsville","Mississauga--Streetsville"," 159","Mississauga",N,N,"",2,328,"Rattan","","Jasveen","Conservative","Conservateur",N,N,29
35063,"Mississauga--Streetsville","Mississauga--Streetsville"," 159","Mississauga",N,N,"",2,328,"Spizzirri","","Natalie","Animal Protection Party","Parti Protection Animaux",N,N,1
35063,"Mississauga--Streetsville","Mississauga--Streetsville"," 159","Mississauga",N,N,"",2,328,"Valdez","","Rechie","Liberal","Libéral",N,Y,42
35063,"Mississauga--Streetsville","Mississauga--Streetsville"," 159","Mississauga",N,N,"",2,328,"Wolosz","","Gurdeep","People's Party - PPC","Parti populaire - PPC",N,N,2
35063,"Mississauga--Streetsville","Mississauga--Streetsville"," 160","Mississauga",N,N,"",0,393,"Hassan","","Farina","NDP-New Democratic Party","NPD-Nouveau Parti démocratique",N,N,19
35063,"Mississauga--Streetsville","Mississauga--Streetsville"," 160","Mississauga",N,N,"",0,393,"Hill","","Chris","Green Party","Parti Vert",N,N,1
35063,"Mississauga--Streetsville","Mississauga--Streetsville"," 160","Mississauga",N,N,"",0,393,"Rattan","","Jasveen","Conservative","Conservateur",N,N,44
35063,"Mississauga--Streetsville","Mississauga--Streetsville"," 160","Mississauga",N,N,"",0,393,"Spizzirri","","Natalie","Animal Protection Party","Parti Protection Animaux",N,N,0
35063,"Mississauga--Streetsville","Mississauga--Streetsville"," 160","Mississauga",N,N,"",0,393,"Valdez","","Rechie","Liberal","Libéral",N,Y,70
35063,"Mississauga--Streetsville","Mississauga--Streetsville"," 160","Mississauga",N,N,"",0,393,"Wolosz","","Gurdeep","People's Party - PPC","Parti populaire - PPC",N,N,5
35063,"Mississauga--Streetsville","Mississauga--Streetsville"," 161","Mississauga",N,N,"",0,513,"Hassan","","Farina","NDP-New Democratic Party","NPD-Nouveau Parti démocratique",N,N,26
35063,"Mississauga--Streetsville","Mississauga--Streetsville"," 161","Mississauga",N,N,"",0,513,"Hill","","Chris","Green Party","Parti Vert",N,N,1
35063,"Mississauga--Streetsville","Mississauga--Streetsville"," 161","Mississauga",N,N,"",0,513,"Rattan","","Jasveen","Conservative","Conservateur",N,N,63
35063,"Mississauga--Streetsville","Mississauga--Streetsville"," 161","Mississauga",N,N,"",0,513,"Spizzirri","","Natalie","Animal Protection Party","Parti Protection Animaux",N,N,2
35063,"Mississauga--Streetsville","Mississauga--Streetsville"," 161","Mississauga",N,N,"",0,513,"Valdez","","Rechie","Liberal","Libéral",N,Y,99
35063,"Mississauga--Streetsville","Mississauga--Streetsville"," 161","Mississauga",N,N,"",0,513,"Wolosz","","Gurdeep","People's Party - PPC","Parti populaire - PPC",N,N,10
35063,"Mississauga--Streetsville","Mississauga--Streetsville"," 162","Mississauga",N,N,"",0,497,"Hassan","","Farina","NDP-New Democratic Party","NPD-Nouveau Parti démocratique",N,N,27
35063,"Mississauga--Streetsville","Mississauga--Streetsville"," 162","Mississauga",N,N,"",0,497,"Hill","","Chris","Green Party","Parti Vert",N,N,2
35063,"Mississauga--Streetsville","Mississauga--Streetsville"," 162","Mississauga",N,N,"",0,497,"Rattan","","Jasveen","Conservative","Conservateur",N,N,43
35063,"Mississauga--Streetsville","Mississauga--Streetsville"," 162","Mississauga",N,N,"",0,497,"Spizzirri","","Natalie","Animal Protection Party","Parti Protection Animaux",N,N,0
35063,"Mississauga--Streetsville","Mississauga--Streetsville"," 162","Mississauga",N,N,"",0,497,"Valdez","","Rechie","Liberal","Libéral",N,Y,100
35063,"Mississauga--Streetsville","Mississauga--Streetsville"," 162","Mississauga",N,N,"",0,497,"Wolosz","","Gurdeep","People's Party - PPC","Parti populaire - PPC",N,N,15
35063,"Mississauga--Streetsville","Mississauga--Streetsville"," 163","Mississauga",N,N,"",2,320,"Hassan","","Farina","NDP-New Democratic Party","NPD-Nouveau Parti démocratique",N,N,12
35063,"Mississauga--Streetsville","Mississauga--Streetsville"," 163","Mississauga",N,N,"",2,320,"Hill","","Chris","Green Party","Parti Vert",N,N,2
35063,"Mississauga--Streetsville","Mississauga--Streetsville"," 163","Mississauga",N,N,"",2,320,"Rattan","","Jasveen","Conservative","Conservateur",N,N,48
35063,"Mississauga--Streetsville","Mississauga--Streetsville"," 163","Mississauga",N,N,"",2,320,"Spizzirri","","Natalie","Animal Protection Party","Parti Protection Animaux",N,N,1
35063,"Mississauga--Streetsville","Mississauga--Streetsville"," 163","Mississauga",N,N,"",2,320,"Valdez","","Rechie","Liberal","Libéral",N,Y,73
35063,"Mississauga--Streetsville","Mississauga--Streetsville"," 163","Mississauga",N,N,"",2,320,"Wolosz","","Gurdeep","People's Party - PPC","Parti populaire - PPC",N,N,4
35063,"Mississauga--Streetsville","Mississauga--Streetsville"," 164","Mississauga",N,N,"",0,497,"Hassan","","Farina","NDP-New Democratic Party","NPD-Nouveau Parti démocratique",N,N,23
35063,"Mississauga--Streetsville","Mississauga--Streetsville"," 164","Mississauga",N,N,"",0,497,"Hill","","Chris","Green Party","Parti Vert",N,N,4
35063,"Mississauga--Streetsville","Mississauga--Streetsville"," 164","Mississauga",N,N,"",0,497,"Rattan","","Jasveen","Conservative","Conservateur",N,N,56
35063,"Mississauga--Streetsville","Mississauga--Streetsville"," 164","Mississauga",N,N,"",0,497,"Spizzirri","","Natalie","Animal Protection Party","Parti Protection Animaux",N,N,0
35063,"Mississauga--Streetsville","Mississauga--Streetsville"," 164","Mississauga",N,N,"",0,497,"Valdez","","Rechie","Liberal","Libéral",N,Y,90
35063,"Mississauga--Streetsville","Mississauga--Streetsville"," 164","Mississauga",N,N,"",0,497,"Wolosz","","Gurdeep","People's Party - PPC","Parti populaire - PPC",N,N,7
35063,"Mississauga--Streetsville","Mississauga--Streetsville"," 165","Mississauga",N,N,"",1,369,"Hassan","","Farina","NDP-New Democratic Party","NPD-Nouveau Parti démocratique",N,N,19
35063,"Mississauga--Streetsville","Mississauga--Streetsville"," 165","Mississauga",N,N,"",1,369,"Hill","","Chris","Green Party","Parti Vert",N,N,2
35063,"Mississauga--Streetsville","Mississauga--Streetsville"," 165","Mississauga",N,N,"",1,369,"Rattan","","Jasveen","Conservative","Conservateur",N,N,57
35063,"Mississauga--Streetsville","Mississauga--Streetsville"," 165","Mississauga",N,N,"",1,369,"Spizzirri","","Natalie","Animal Protection Party","Parti Protection Animaux",N,N,0
35063,"Mississauga--Streetsville","Mississauga--Streetsville"," 165","Mississauga",N,N,"",1,369,"Valdez","","Rechie","Liberal","Libéral",N,Y,100
35063,"Mississauga--Streetsville","Mississauga--Streetsville"," 165","Mississauga",N,N,"",1,369,"Wolosz","","Gurdeep","People's Party - PPC","Parti populaire - PPC",N,N,4
35063,"Mississauga--Streetsville","Mississauga--Streetsville"," 166","Mississauga",N,N,"",1,479,"Hassan","","Farina","NDP-New Democratic Party","NPD-Nouveau Parti démocratique",N,N,32
35063,"Mississauga--Streetsville","Mississauga--Streetsville"," 166","Mississauga",N,N,"",1,479,"Hill","","Chris","Green Party","Parti Vert",N,N,6
35063,"Mississauga--Streetsville","Mississauga--Streetsville"," 166","Mississauga",N,N,"",1,479,"Rattan","","Jasveen","Conservative","Conservateur",N,N,91
35063,"Mississauga--Streetsville","Mississauga--Streetsville"," 166","Mississauga",N,N,"",1,479,"Spizzirri","","Natalie","Animal Protection Party","Parti Protection Animaux",N,N,1
35063,"Mississauga--Streetsville","Mississauga--Streetsville"," 166","Mississauga",N,N,"",1,479,"Valdez","","Rechie","Liberal","Libéral",N,Y,148
35063,"Mississauga--Streetsville","Mississauga--Streetsville"," 166","Mississauga",N,N,"",1,479,"Wolosz","","Gurdeep","People's Party - PPC","Parti populaire - PPC",N,N,2
35063,"Mississauga--Streetsville","Mississauga--Streetsville"," 167","Mississauga",N,N,"",4,560,"Hassan","","Farina","NDP-New Democratic Party","NPD-Nouveau Parti démocratique",N,N,48
35063,"Mississauga--Streetsville","Mississauga--Streetsville"," 167","Mississauga",N,N,"",4,560,"Hill","","Chris","Green Party","Parti Vert",N,N,7
35063,"Mississauga--Streetsville","Mississauga--Streetsville"," 167","Mississauga",N,N,"",4,560,"Rattan","","Jasveen","Conservative","Conservateur",N,N,91
35063,"Mississauga--Streetsville","Mississauga--Streetsville"," 167","Mississauga",N,N,"",4,560,"Spizzirri","","Natalie","Animal Protection Party","Parti Protection Animaux",N,N,3
35063,"Mississauga--Streetsville","Mississauga--Streetsville"," 167","Mississauga",N,N,"",4,560,"Valdez","","Rechie","Liberal","Libéral",N,Y,132
35063,"Mississauga--Streetsville","Mississauga--Streetsville"," 167","Mississauga",N,N,"",4,560,"Wolosz","","Gurdeep","People's Party - PPC","Parti populaire - PPC",N,N,3
35063,"Mississauga--Streetsville","Mississauga--Streetsville"," 168","Mississauga",N,N,"",0,477,"Hassan","","Farina","NDP-New Democratic Party","NPD-Nouveau Parti démocratique",N,N,31
35063,"Mississauga--Streetsville","Mississauga--Streetsville"," 168","Mississauga",N,N,"",0,477,"Hill","","Chris","Green Party","Parti Vert",N,N,6
35063,"Mississauga--Streetsville","Mississauga--Streetsville"," 168","Mississauga",N,N,"",0,477,"Rattan","","Jasveen","Conservative","Conservateur",N,N,67
35063,"Mississauga--Streetsville","Mississauga--Streetsville"," 168","Mississauga",N,N,"",0,477,"Spizzirri","","Natalie","Animal Protection Party","Parti Protection Animaux",N,N,1
35063,"Mississauga--Streetsville","Mississauga--Streetsville"," 168","Mississauga",N,N,"",0,477,"Valdez","","Rechie","Liberal","Libéral",N,Y,102
35063,"Mississauga--Streetsville","Mississauga--Streetsville"," 168","Mississauga",N,N,"",0,477,"Wolosz","","Gurdeep","People's Party - PPC","Parti populaire - PPC",N,N,9
35063,"Mississauga--Streetsville","Mississauga--Streetsville"," 169","Mississauga",N,N,"",2,483,"Hassan","","Farina","NDP-New Democratic Party","NPD-Nouveau Parti démocratique",N,N,26
35063,"Mississauga--Streetsville","Mississauga--Streetsville"," 169","Mississauga",N,N,"",2,483,"Hill","","Chris","Green Party","Parti Vert",N,N,4
35063,"Mississauga--Streetsville","Mississauga--Streetsville"," 169","Mississauga",N,N,"",2,483,"Rattan","","Jasveen","Conservative","Conservateur",N,N,70
35063,"Mississauga--Streetsville","Mississauga--Streetsville"," 169","Mississauga",N,N,"",2,483,"Spizzirri","","Natalie","Animal Protection Party","Parti Protection Animaux",N,N,2
35063,"Mississauga--Streetsville","Mississauga--Streetsville"," 169","Mississauga",N,N,"",2,483,"Valdez","","Rechie","Liberal","Libéral",N,Y,116
35063,"Mississauga--Streetsville","Mississauga--Streetsville"," 169","Mississauga",N,N,"",2,483,"Wolosz","","Gurdeep","People's Party - PPC","Parti populaire - PPC",N,N,2
35063,"Mississauga--Streetsville","Mississauga--Streetsville"," 170","Mississauga",N,N,"",1,458,"Hassan","","Farina","NDP-New Democratic Party","NPD-Nouveau Parti démocratique",N,N,29
35063,"Mississauga--Streetsville","Mississauga--Streetsville"," 170","Mississauga",N,N,"",1,458,"Hill","","Chris","Green Party","Parti Vert",N,N,4
35063,"Mississauga--Streetsville","Mississauga--Streetsville"," 170","Mississauga",N,N,"",1,458,"Rattan","","Jasveen","Conservative","Conservateur",N,N,56
35063,"Mississauga--Streetsville","Mississauga--Streetsville"," 170","Mississauga",N,N,"",1,458,"Spizzirri","","Natalie","Animal Protection Party","Parti Protection Animaux",N,N,0
35063,"Mississauga--Streetsville","Mississauga--Streetsville"," 170","Mississauga",N,N,"",1,458,"Valdez","","Rechie","Liberal","Libéral",N,Y,96
35063,"Mississauga--Streetsville","Mississauga--Streetsville"," 170","Mississauga",N,N,"",1,458,"Wolosz","","Gurdeep","People's Party - PPC","Parti populaire - PPC",N,N,7
35063,"Mississauga--Streetsville","Mississauga--Streetsville"," 171","Mississauga",N,N,"",1,563,"Hassan","","Farina","NDP-New Democratic Party","NPD-Nouveau Parti démocratique",N,N,31
35063,"Mississauga--Streetsville","Mississauga--Streetsville"," 171","Mississauga",N,N,"",1,563,"Hill","","Chris","Green Party","Parti Vert",N,N,6
35063,"Mississauga--Streetsville","Mississauga--Streetsville"," 171","Mississauga",N,N,"",1,563,"Rattan","","Jasveen","Conservative","Conservateur",N,N,78
35063,"Mississauga--Streetsville","Mississauga--Streetsville"," 171","Mississauga",N,N,"",1,563,"Spizzirri","","Natalie","Animal Protection Party","Parti Protection Animaux",N,N,1
35063,"Mississauga--Streetsville","Mississauga--Streetsville"," 171","Mississauga",N,N,"",1,563,"Valdez","","Rechie","Liberal","Libéral",N,Y,116
35063,"Mississauga--Streetsville","Mississauga--Streetsville"," 171","Mississauga",N,N,"",1,563,"Wolosz","","Gurdeep","People's Party - PPC","Parti populaire - PPC",N,N,13
35063,"Mississauga--Streetsville","Mississauga--Streetsville"," 172","Mississauga",N,N,"",0,462,"Hassan","","Farina","NDP-New Democratic Party","NPD-Nouveau Parti démocratique",N,N,36
35063,"Mississauga--Streetsville","Mississauga--Streetsville"," 172","Mississauga",N,N,"",0,462,"Hill","","Chris","Green Party","Parti Vert",N,N,8
35063,"Mississauga--Streetsville","Mississauga--Streetsville"," 172","Mississauga",N,N,"",0,462,"Rattan","","Jasveen","Conservative","Conservateur",N,N,77
35063,"Mississauga--Streetsville","Mississauga--Streetsville"," 172","Mississauga",N,N,"",0,462,"Spizzirri","","Natalie","Animal Protection Party","Parti Protection Animaux",N,N,1
35063,"Mississauga--Streetsville","Mississauga--Streetsville"," 172","Mississauga",N,N,"",0,462,"Valdez","","Rechie","Liberal","Libéral",N,Y,128
35063,"Mississauga--Streetsville","Mississauga--Streetsville"," 172","Mississauga",N,N,"",0,462,"Wolosz","","Gurdeep","People's Party - PPC","Parti populaire - PPC",N,N,14
35063,"Mississauga--Streetsville","Mississauga--Streetsville"," 173","Mississauga",N,N,"",1,469,"Hassan","","Farina","NDP-New Democratic Party","NPD-Nouveau Parti démocratique",N,N,35
35063,"Mississauga--Streetsville","Mississauga--Streetsville"," 173","Mississauga",N,N,"",1,469,"Hill","","Chris","Green Party","Parti Vert",N,N,6
35063,"Mississauga--Streetsville","Mississauga--Streetsville"," 173","Mississauga",N,N,"",1,469,"Rattan","","Jasveen","Conservative","Conservateur",N,N,80
35063,"Mississauga--Streetsville","Mississauga--Streetsville"," 173","Mississauga",N,N,"",1,469,"Spizzirri","","Natalie","Animal Protection Party","Parti Protection Animaux",N,N,3
35063,"Mississauga--Streetsville","Mississauga--Streetsville"," 173","Mississauga",N,N,"",1,469,"Valdez","","Rechie","Liberal","Libéral",N,Y,104
35063,"Mississauga--Streetsville","Mississauga--Streetsville"," 173","Mississauga",N,N,"",1,469,"Wolosz","","Gurdeep","People's Party - PPC","Parti populaire - PPC",N,N,13
35063,"Mississauga--Streetsville","Mississauga--Streetsville"," 174","Mississauga",N,N,"",0,394,"Hassan","","Farina","NDP-New Democratic Party","NPD-Nouveau Parti démocratique",N,N,33
35063,"Mississauga--Streetsville","Mississauga--Streetsville"," 174","Mississauga",N,N,"",0,394,"Hill","","Chris","Green Party","Parti Vert",N,N,8
35063,"Mississauga--Streetsville","Mississauga--Streetsville"," 174","Mississauga",N,N,"",0,394,"Rattan","","Jasveen","Conservative","Conservateur",N,N,51
35063,"Mississauga--Streetsville","Mississauga--Streetsville"," 174","Mississauga",N,N,"",0,394,"Spizzirri","","Natalie","Animal Protection Party","Parti Protection Animaux",N,N,0
35063,"Mississauga--Streetsville","Mississauga--Streetsville"," 174","Mississauga",N,N,"",0,394,"Valdez","","Rechie","Liberal","Libéral",N,Y,66
35063,"Mississauga--Streetsville","Mississauga--Streetsville"," 174","Mississauga",N,N,"",0,394,"Wolosz","","Gurdeep","People's Party - PPC","Parti populaire - PPC",N,N,6
35063,"Mississauga--Streetsville","Mississauga--Streetsville"," 175","Mississauga",N,N,"",0,491,"Hassan","","Farina","NDP-New Democratic Party","NPD-Nouveau Parti démocratique",N,N,5
35063,"Mississauga--Streetsville","Mississauga--Streetsville"," 175","Mississauga",N,N,"",0,491,"Hill","","Chris","Green Party","Parti Vert",N,N,13
35063,"Mississauga--Streetsville","Mississauga--Streetsville"," 175","Mississauga",N,N,"",0,491,"Rattan","","Jasveen","Conservative","Conservateur",N,N,55
35063,"Mississauga--Streetsville","Mississauga--Streetsville"," 175","Mississauga",N,N,"",0,491,"Spizzirri","","Natalie","Animal Protection Party","Parti Protection Animaux",N,N,0
35063,"Mississauga--Streetsville","Mississauga--Streetsville"," 175","Mississauga",N,N,"",0,491,"Valdez","","Rechie","Liberal","Libéral",N,Y,121
35063,"Mississauga--Streetsville","Mississauga--Streetsville"," 175","Mississauga",N,N,"",0,491,"Wolosz","","Gurdeep","People's Party - PPC","Parti populaire - PPC",N,N,14
35063,"Mississauga--Streetsville","Mississauga--Streetsville"," 176","Mississauga",N,N,"",0,400,"Hassan","","Farina","NDP-New Democratic Party","NPD-Nouveau Parti démocratique",N,N,27
35063,"Mississauga--Streetsville","Mississauga--Streetsville"," 176","Mississauga",N,N,"",0,400,"Hill","","Chris","Green Party","Parti Vert",N,N,4
35063,"Mississauga--Streetsville","Mississauga--Streetsville"," 176","Mississauga",N,N,"",0,400,"Rattan","","Jasveen","Conservative","Conservateur",N,N,43
35063,"Mississauga--Streetsville","Mississauga--Streetsville"," 176","Mississauga",N,N,"",0,400,"Spizzirri","","Natalie","Animal Protection Party","Parti Protection Animaux",N,N,0
35063,"Mississauga--Streetsville","Mississauga--Streetsville"," 176","Mississauga",N,N,"",0,400,"Valdez","","Rechie","Liberal","Libéral",N,Y,89
35063,"Mississauga--Streetsville","Mississauga--Streetsville"," 176","Mississauga",N,N,"",0,400,"Wolosz","","Gurdeep","People's Party - PPC","Parti populaire - PPC",N,N,11
35063,"Mississauga--Streetsville","Mississauga--Streetsville"," 177","Mississauga",N,N,"",3,585,"Hassan","","Farina","NDP-New Democratic Party","NPD-Nouveau Parti démocratique",N,N,32
35063,"Mississauga--Streetsville","Mississauga--Streetsville"," 177","Mississauga",N,N,"",3,585,"Hill","","Chris","Green Party","Parti Vert",N,N,12
35063,"Mississauga--Streetsville","Mississauga--Streetsville"," 177","Mississauga",N,N,"",3,585,"Rattan","","Jasveen","Conservative","Conservateur",N,N,111
35063,"Mississauga--Streetsville","Mississauga--Streetsville"," 177","Mississauga",N,N,"",3,585,"Spizzirri","","Natalie","Animal Protection Party","Parti Protection Animaux",N,N,3
35063,"Mississauga--Streetsville","Mississauga--Streetsville"," 177","Mississauga",N,N,"",3,585,"Valdez","","Rechie","Liberal","Libéral",N,Y,118
35063,"Mississauga--Streetsville","Mississauga--Streetsville"," 177","Mississauga",N,N,"",3,585,"Wolosz","","Gurdeep","People's Party - PPC","Parti populaire - PPC",N,N,4
35063,"Mississauga--Streetsville","Mississauga--Streetsville"," 178","Mississauga",N,N,"",0,405,"Hassan","","Farina","NDP-New Democratic Party","NPD-Nouveau Parti démocratique",N,N,27
35063,"Mississauga--Streetsville","Mississauga--Streetsville"," 178","Mississauga",N,N,"",0,405,"Hill","","Chris","Green Party","Parti Vert",N,N,5
35063,"Mississauga--Streetsville","Mississauga--Streetsville"," 178","Mississauga",N,N,"",0,405,"Rattan","","Jasveen","Conservative","Conservateur",N,N,64
35063,"Mississauga--Streetsville","Mississauga--Streetsville"," 178","Mississauga",N,N,"",0,405,"Spizzirri","","Natalie","Animal Protection Party","Parti Protection Animaux",N,N,0
35063,"Mississauga--Streetsville","Mississauga--Streetsville"," 178","Mississauga",N,N,"",0,405,"Valdez","","Rechie","Liberal","Libéral",N,Y,105
35063,"Mississauga--Streetsville","Mississauga--Streetsville"," 178","Mississauga",N,N,"",0,405,"Wolosz","","Gurdeep","People's Party - PPC","Parti populaire - PPC",N,N,11
35063,"Mississauga--Streetsville","Mississauga--Streetsville"," 179","Mississauga",N,N,"",2,448,"Hassan","","Farina","NDP-New Democratic Party","NPD-Nouveau Parti démocratique",N,N,40
35063,"Mississauga--Streetsville","Mississauga--Streetsville"," 179","Mississauga",N,N,"",2,448,"Hill","","Chris","Green Party","Parti Vert",N,N,2
35063,"Mississauga--Streetsville","Mississauga--Streetsville"," 179","Mississauga",N,N,"",2,448,"Rattan","","Jasveen","Conservative","Conservateur",N,N,69
35063,"Mississauga--Streetsville","Mississauga--Streetsville"," 179","Mississauga",N,N,"",2,448,"Spizzirri","","Natalie","Animal Protection Party","Parti Protection Animaux",N,N,0
35063,"Mississauga--Streetsville","Mississauga--Streetsville"," 179","Mississauga",N,N,"",2,448,"Valdez","","Rechie","Liberal","Libéral",N,Y,107
35063,"Mississauga--Streetsville","Mississauga--Streetsville"," 179","Mississauga",N,N,"",2,448,"Wolosz","","Gurdeep","People's Party - PPC","Parti populaire - PPC",N,N,6
35063,"Mississauga--Streetsville","Mississauga--Streetsville"," 180","Mississauga",N,N,"",2,349,"Hassan","","Farina","NDP-New Democratic Party","NPD-Nouveau Parti démocratique",N,N,17
35063,"Mississauga--Streetsville","Mississauga--Streetsville"," 180","Mississauga",N,N,"",2,349,"Hill","","Chris","Green Party","Parti Vert",N,N,4
35063,"Mississauga--Streetsville","Mississauga--Streetsville"," 180","Mississauga",N,N,"",2,349,"Rattan","","Jasveen","Conservative","Conservateur",N,N,59
35063,"Mississauga--Streetsville","Mississauga--Streetsville"," 180","Mississauga",N,N,"",2,349,"Spizzirri","","Natalie","Animal Protection Party","Parti Protection Animaux",N,N,0
35063,"Mississauga--Streetsville","Mississauga--Streetsville"," 180","Mississauga",N,N,"",2,349,"Valdez","","Rechie","Liberal","Libéral",N,Y,108
35063,"Mississauga--Streetsville","Mississauga--Streetsville"," 180","Mississauga",N,N,"",2,349,"Wolosz","","Gurdeep","People's Party - PPC","Parti populaire - PPC",N,N,4
35063,"Mississauga--Streetsville","Mississauga--Streetsville"," 181","Mississauga",N,N,"",3,468,"Hassan","","Farina","NDP-New Democratic Party","NPD-Nouveau Parti démocratique",N,N,29
35063,"Mississauga--Streetsville","Mississauga--Streetsville"," 181","Mississauga",N,N,"",3,468,"Hill","","Chris","Green Party","Parti Vert",N,N,1
35063,"Mississauga--Streetsville","Mississauga--Streetsville"," 181","Mississauga",N,N,"",3,468,"Rattan","","Jasveen","Conservative","Conservateur",N,N,70
35063,"Mississauga--Streetsville","Mississauga--Streetsville"," 181","Mississauga",N,N,"",3,468,"Spizzirri","","Natalie","Animal Protection Party","Parti Protection Animaux",N,N,1
35063,"Mississauga--Streetsville","Mississauga--Streetsville"," 181","Mississauga",N,N,"",3,468,"Valdez","","Rechie","Liberal","Libéral",N,Y,135
35063,"Mississauga--Streetsville","Mississauga--Streetsville"," 181","Mississauga",N,N,"",3,468,"Wolosz","","Gurdeep","People's Party - PPC","Parti populaire - PPC",N,N,10
35063,"Mississauga--Streetsville","Mississauga--Streetsville"," 182","Mississauga",N,N,"",0,493,"Hassan","","Farina","NDP-New Democratic Party","NPD-Nouveau Parti démocratique",N,N,31
35063,"Mississauga--Streetsville","Mississauga--Streetsville"," 182","Mississauga",N,N,"",0,493,"Hill","","Chris","Green Party","Parti Vert",N,N,6
35063,"Mississauga--Streetsville","Mississauga--Streetsville"," 182","Mississauga",N,N,"",0,493,"Rattan","","Jasveen","Conservative","Conservateur",N,N,100
35063,"Mississauga--Streetsville","Mississauga--Streetsville"," 182","Mississauga",N,N,"",0,493,"Spizzirri","","Natalie","Animal Protection Party","Parti Protection Animaux",N,N,1
35063,"Mississauga--Streetsville","Mississauga--Streetsville"," 182","Mississauga",N,N,"",0,493,"Valdez","","Rechie","Liberal","Libéral",N,Y,116
35063,"Mississauga--Streetsville","Mississauga--Streetsville"," 182","Mississauga",N,N,"",0,493,"Wolosz","","Gurdeep","People's Party - PPC","Parti populaire - PPC",N,N,6
35063,"Mississauga--Streetsville","Mississauga--Streetsville"," 183","Mississauga",N,N,"",0,399,"Hassan","","Farina","NDP-New Democratic Party","NPD-Nouveau Parti démocratique",N,N,10
35063,"Mississauga--Streetsville","Mississauga--Streetsville"," 183","Mississauga",N,N,"",0,399,"Hill","","Chris","Green Party","Parti Vert",N,N,3
35063,"Mississauga--Streetsville","Mississauga--Streetsville"," 183","Mississauga",N,N,"",0,399,"Rattan","","Jasveen","Conservative","Conservateur",N,N,51
35063,"Mississauga--Streetsville","Mississauga--Streetsville"," 183","Mississauga",N,N,"",0,399,"Spizzirri","","Natalie","Animal Protection Party","Parti Protection Animaux",N,N,0
35063,"Mississauga--Streetsville","Mississauga--Streetsville"," 183","Mississauga",N,N,"",0,399,"Valdez","","Rechie","Liberal","Libéral",N,Y,84
35063,"Mississauga--Streetsville","Mississauga--Streetsville"," 183","Mississauga",N,N,"",0,399,"Wolosz","","Gurdeep","People's Party - PPC","Parti populaire - PPC",N,N,2
35063,"Mississauga--Streetsville","Mississauga--Streetsville"," 184","Mississauga",N,N,"",3,368,"Hassan","","Farina","NDP-New Democratic Party","NPD-Nouveau Parti démocratique",N,N,15
35063,"Mississauga--Streetsville","Mississauga--Streetsville"," 184","Mississauga",N,N,"",3,368,"Hill","","Chris","Green Party","Parti Vert",N,N,5
35063,"Mississauga--Streetsville","Mississauga--Streetsville"," 184","Mississauga",N,N,"",3,368,"Rattan","","Jasveen","Conservative","Conservateur",N,N,35
35063,"Mississauga--Streetsville","Mississauga--Streetsville"," 184","Mississauga",N,N,"",3,368,"Spizzirri","","Natalie","Animal Protection Party","Parti Protection Animaux",N,N,0
35063,"Mississauga--Streetsville","Mississauga--Streetsville"," 184","Mississauga",N,N,"",3,368,"Valdez","","Rechie","Liberal","Libéral",N,Y,65
35063,"Mississauga--Streetsville","Mississauga--Streetsville"," 184","Mississauga",N,N,"",3,368,"Wolosz","","Gurdeep","People's Party - PPC","Parti populaire - PPC",N,N,1
35063,"Mississauga--Streetsville","Mississauga--Streetsville"," 185","Mississauga",N,N,"",3,535,"Hassan","","Farina","NDP-New Democratic Party","NPD-Nouveau Parti démocratique",N,N,20
35063,"Mississauga--Streetsville","Mississauga--Streetsville"," 185","Mississauga",N,N,"",3,535,"Hill","","Chris","Green Party","Parti Vert",N,N,7
35063,"Mississauga--Streetsville","Mississauga--Streetsville"," 185","Mississauga",N,N,"",3,535,"Rattan","","Jasveen","Conservative","Conservateur",N,N,66
35063,"Mississauga--Streetsville","Mississauga--Streetsville"," 185","Mississauga",N,N,"",3,535,"Spizzirri","","Natalie","Animal Protection Party","Parti Protection Animaux",N,N,1
35063,"Mississauga--Streetsville","Mississauga--Streetsville"," 185","Mississauga",N,N,"",3,535,"Valdez","","Rechie","Liberal","Libéral",N,Y,82
35063,"Mississauga--Streetsville","Mississauga--Streetsville"," 185","Mississauga",N,N,"",3,535,"Wolosz","","Gurdeep","People's Party - PPC","Parti populaire - PPC",N,N,13
35063,"Mississauga--Streetsville","Mississauga--Streetsville"," 186","Mississauga",N,N,"",2,456,"Hassan","","Farina","NDP-New Democratic Party","NPD-Nouveau Parti démocratique",N,N,18
35063,"Mississauga--Streetsville","Mississauga--Streetsville"," 186","Mississauga",N,N,"",2,456,"Hill","","Chris","Green Party","Parti Vert",N,N,7
35063,"Mississauga--Streetsville","Mississauga--Streetsville"," 186","Mississauga",N,N,"",2,456,"Rattan","","Jasveen","Conservative","Conservateur",N,N,45
35063,"Mississauga--Streetsville","Mississauga--Streetsville"," 186","Mississauga",N,N,"",2,456,"Spizzirri","","Natalie","Animal Protection Party","Parti Protection Animaux",N,N,0
35063,"Mississauga--Streetsville","Mississauga--Streetsville"," 186","Mississauga",N,N,"",2,456,"Valdez","","Rechie","Liberal","Libéral",N,Y,60
35063,"Mississauga--Streetsville","Mississauga--Streetsville"," 186","Mississauga",N,N,"",2,456,"Wolosz","","Gurdeep","People's Party - PPC","Parti populaire - PPC",N,N,4
35063,"Mississauga--Streetsville","Mississauga--Streetsville"," 187","Mississauga",N,N,"",1,444,"Hassan","","Farina","NDP-New Democratic Party","NPD-Nouveau Parti démocratique",N,N,28
35063,"Mississauga--Streetsville","Mississauga--Streetsville"," 187","Mississauga",N,N,"",1,444,"Hill","","Chris","Green Party","Parti Vert",N,N,4
35063,"Mississauga--Streetsville","Mississauga--Streetsville"," 187","Mississauga",N,N,"",1,444,"Rattan","","Jasveen","Conservative","Conservateur",N,N,34
35063,"Mississauga--Streetsville","Mississauga--Streetsville"," 187","Mississauga",N,N,"",1,444,"Spizzirri","","Natalie","Animal Protection Party","Parti Protection Animaux",N,N,3
35063,"Mississauga--Streetsville","Mississauga--Streetsville"," 187","Mississauga",N,N,"",1,444,"Valdez","","Rechie","Liberal","Libéral",N,Y,78
35063,"Mississauga--Streetsville","Mississauga--Streetsville"," 187","Mississauga",N,N,"",1,444,"Wolosz","","Gurdeep","People's Party - PPC","Parti populaire - PPC",N,N,2
35063,"Mississauga--Streetsville","Mississauga--Streetsville"," 188","Mississauga",N,N,"",1,574,"Hassan","","Farina","NDP-New Democratic Party","NPD-Nouveau Parti démocratique",N,N,28
35063,"Mississauga--Streetsville","Mississauga--Streetsville"," 188","Mississauga",N,N,"",1,574,"Hill","","Chris","Green Party","Parti Vert",N,N,3
35063,"Mississauga--Streetsville","Mississauga--Streetsville"," 188","Mississauga",N,N,"",1,574,"Rattan","","Jasveen","Conservative","Conservateur",N,N,64
35063,"Mississauga--Streetsville","Mississauga--Streetsville"," 188","Mississauga",N,N,"",1,574,"Spizzirri","","Natalie","Animal Protection Party","Parti Protection Animaux",N,N,0
35063,"Mississauga--Streetsville","Mississauga--Streetsville"," 188","Mississauga",N,N,"",1,574,"Valdez","","Rechie","Liberal","Libéral",N,Y,78
35063,"Mississauga--Streetsville","Mississauga--Streetsville"," 188","Mississauga",N,N,"",1,574,"Wolosz","","Gurdeep","People's Party - PPC","Parti populaire - PPC",N,N,9
35063,"Mississauga--Streetsville","Mississauga--Streetsville"," 400","Mississauga",N,N,"",0,250,"Hassan","","Farina","NDP-New Democratic Party","NPD-Nouveau Parti démocratique",N,N,8
35063,"Mississauga--Streetsville","Mississauga--Streetsville"," 400","Mississauga",N,N,"",0,250,"Hill","","Chris","Green Party","Parti Vert",N,N,1
35063,"Mississauga--Streetsville","Mississauga--Streetsville"," 400","Mississauga",N,N,"",0,250,"Rattan","","Jasveen","Conservative","Conservateur",N,N,26
35063,"Mississauga--Streetsville","Mississauga--Streetsville"," 400","Mississauga",N,N,"",0,250,"Spizzirri","","Natalie","Animal Protection Party","Parti Protection Animaux",N,N,1
35063,"Mississauga--Streetsville","Mississauga--Streetsville"," 400","Mississauga",N,N,"",0,250,"Valdez","","Rechie","Liberal","Libéral",N,Y,27
35063,"Mississauga--Streetsville","Mississauga--Streetsville"," 400","Mississauga",N,N,"",0,250,"Wolosz","","Gurdeep","People's Party - PPC","Parti populaire - PPC",N,N,5
35063,"Mississauga--Streetsville","Mississauga--Streetsville"," 401","Mississauga",N,N,"",1,410,"Hassan","","Farina","NDP-New Democratic Party","NPD-Nouveau Parti démocratique",N,N,16
35063,"Mississauga--Streetsville","Mississauga--Streetsville"," 401","Mississauga",N,N,"",1,410,"Hill","","Chris","Green Party","Parti Vert",N,N,5
35063,"Mississauga--Streetsville","Mississauga--Streetsville"," 401","Mississauga",N,N,"",1,410,"Rattan","","Jasveen","Conservative","Conservateur",N,N,24
35063,"Mississauga--Streetsville","Mississauga--Streetsville"," 401","Mississauga",N,N,"",1,410,"Spizzirri","","Natalie","Animal Protection Party","Parti Protection Animaux",N,N,1
35063,"Mississauga--Streetsville","Mississauga--Streetsville"," 401","Mississauga",N,N,"",1,410,"Valdez","","Rechie","Liberal","Libéral",N,Y,69
35063,"Mississauga--Streetsville","Mississauga--Streetsville"," 401","Mississauga",N,N,"",1,410,"Wolosz","","Gurdeep","People's Party - PPC","Parti populaire - PPC",N,N,2
35063,"Mississauga--Streetsville","Mississauga--Streetsville"," 402","Mississauga",N,N,"",0,216,"Hassan","","Farina","NDP-New Democratic Party","NPD-Nouveau Parti démocratique",N,N,3
35063,"Mississauga--Streetsville","Mississauga--Streetsville"," 402","Mississauga",N,N,"",0,216,"Hill","","Chris","Green Party","Parti Vert",N,N,0
35063,"Mississauga--Streetsville","Mississauga--Streetsville"," 402","Mississauga",N,N,"",0,216,"Rattan","","Jasveen","Conservative","Conservateur",N,N,4
35063,"Mississauga--Streetsville","Mississauga--Streetsville"," 402","Mississauga",N,N,"",0,216,"Spizzirri","","Natalie","Animal Protection Party","Parti Protection Animaux",N,N,0
35063,"Mississauga--Streetsville","Mississauga--Streetsville"," 402","Mississauga",N,N,"",0,216,"Valdez","","Rechie","Liberal","Libéral",N,Y,17
35063,"Mississauga--Streetsville","Mississauga--Streetsville"," 402","Mississauga",N,N,"",0,216,"Wolosz","","Gurdeep","People's Party - PPC","Parti populaire - PPC",N,N,0
35063,"Mississauga--Streetsville","Mississauga--Streetsville"," 403","Mississauga",N,N,"",0,232,"Hassan","","Farina","NDP-New Democratic Party","NPD-Nouveau Parti démocratique",N,N,9
35063,"Mississauga--Streetsville","Mississauga--Streetsville"," 403","Mississauga",N,N,"",0,232,"Hill","","Chris","Green Party","Parti Vert",N,N,1
35063,"Mississauga--Streetsville","Mississauga--Streetsville"," 403","Mississauga",N,N,"",0,232,"Rattan","","Jasveen","Conservative","Conservateur",N,N,12
35063,"Mississauga--Streetsville","Mississauga--Streetsville"," 403","Mississauga",N,N,"",0,232,"Spizzirri","","Natalie","Animal Protection Party","Parti Protection Animaux",N,N,0
35063,"Mississauga--Streetsville","Mississauga--Streetsville"," 403","Mississauga",N,N,"",0,232,"Valdez","","Rechie","Liberal","Libéral",N,Y,8
35063,"Mississauga--Streetsville","Mississauga--Streetsville"," 403","Mississauga",N,N,"",0,232,"Wolosz","","Gurdeep","People's Party - PPC","Parti populaire - PPC",N,N,0
35063,"Mississauga--Streetsville","Mississauga--Streetsville"," 404","Mississauga",N,N,"",0,221,"Hassan","","Farina","NDP-New Democratic Party","NPD-Nouveau Parti démocratique",N,N,6
35063,"Mississauga--Streetsville","Mississauga--Streetsville"," 404","Mississauga",N,N,"",0,221,"Hill","","Chris","Green Party","Parti Vert",N,N,1
35063,"Mississauga--Streetsville","Mississauga--Streetsville"," 404","Mississauga",N,N,"",0,221,"Rattan","","Jasveen","Conservative","Conservateur",N,N,8
35063,"Mississauga--Streetsville","Mississauga--Streetsville"," 404","Mississauga",N,N,"",0,221,"Spizzirri","","Natalie","Animal Protection Party","Parti Protection Animaux",N,N,0
35063,"Mississauga--Streetsville","Mississauga--Streetsville"," 404","Mississauga",N,N,"",0,221,"Valdez","","Rechie","Liberal","Libéral",N,Y,16
35063,"Mississauga--Streetsville","Mississauga--Streetsville"," 404","Mississauga",N,N,"",0,221,"Wolosz","","Gurdeep","People's Party - PPC","Parti populaire - PPC",N,N,4
35063,"Mississauga--Streetsville","Mississauga--Streetsville"," 405","Mississauga",N,N,"",0,399,"Hassan","","Farina","NDP-New Democratic Party","NPD-Nouveau Parti démocratique",N,N,23
35063,"Mississauga--Streetsville","Mississauga--Streetsville"," 405","Mississauga",N,N,"",0,399,"Hill","","Chris","Green Party","Parti Vert",N,N,1
35063,"Mississauga--Streetsville","Mississauga--Streetsville"," 405","Mississauga",N,N,"",0,399,"Rattan","","Jasveen","Conservative","Conservateur",N,N,10
35063,"Mississauga--Streetsville","Mississauga--Streetsville"," 405","Mississauga",N,N,"",0,399,"Spizzirri","","Natalie","Animal Protection Party","Parti Protection Animaux",N,N,0
35063,"Mississauga--Streetsville","Mississauga--Streetsville"," 405","Mississauga",N,N,"",0,399,"Valdez","","Rechie","Liberal","Libéral",N,Y,38
35063,"Mississauga--Streetsville","Mississauga--Streetsville"," 405","Mississauga",N,N,"",0,399,"Wolosz","","Gurdeep","People's Party - PPC","Parti populaire - PPC",N,N,1
35063,"Mississauga--Streetsville","Mississauga--Streetsville"," 406","Mississauga",N,N,"",0,183,"Hassan","","Farina","NDP-New Democratic Party","NPD-Nouveau Parti démocratique",N,N,8
35063,"Mississauga--Streetsville","Mississauga--Streetsville"," 406","Mississauga",N,N,"",0,183,"Hill","","Chris","Green Party","Parti Vert",N,N,0
35063,"Mississauga--Streetsville","Mississauga--Streetsville"," 406","Mississauga",N,N,"",0,183,"Rattan","","Jasveen","Conservative","Conservateur",N,N,9
35063,"Mississauga--Streetsville","Mississauga--Streetsville"," 406","Mississauga",N,N,"",0,183,"Spizzirri","","Natalie","Animal Protection Party","Parti Protection Animaux",N,N,0
35063,"Mississauga--Streetsville","Mississauga--Streetsville"," 406","Mississauga",N,N,"",0,183,"Valdez","","Rechie","Liberal","Libéral",N,Y,19
35063,"Mississauga--Streetsville","Mississauga--Streetsville"," 406","Mississauga",N,N,"",0,183,"Wolosz","","Gurdeep","People's Party - PPC","Parti populaire - PPC",N,N,4
35063,"Mississauga--Streetsville","Mississauga--Streetsville"," 407","Mississauga",N,N,"",1,397,"Hassan","","Farina","NDP-New Democratic Party","NPD-Nouveau Parti démocratique",N,N,14
35063,"Mississauga--Streetsville","Mississauga--Streetsville"," 407","Mississauga",N,N,"",1,397,"Hill","","Chris","Green Party","Parti Vert",N,N,1
35063,"Mississauga--Streetsville","Mississauga--Streetsville"," 407","Mississauga",N,N,"",1,397,"Rattan","","Jasveen","Conservative","Conservateur",N,N,25
35063,"Mississauga--Streetsville","Mississauga--Streetsville"," 407","Mississauga",N,N,"",1,397,"Spizzirri","","Natalie","Animal Protection Party","Parti Protection Animaux",N,N,1
35063,"Mississauga--Streetsville","Mississauga--Streetsville"," 407","Mississauga",N,N,"",1,397,"Valdez","","Rechie","Liberal","Libéral",N,Y,49
35063,"Mississauga--Streetsville","Mississauga--Streetsville"," 407","Mississauga",N,N,"",1,397,"Wolosz","","Gurdeep","People's Party - PPC","Parti populaire - PPC",N,N,1
35063,"Mississauga--Streetsville","Mississauga--Streetsville"," 408","Mississauga",N,N,"",0,270,"Hassan","","Farina","NDP-New Democratic Party","NPD-Nouveau Parti démocratique",N,N,19
35063,"Mississauga--Streetsville","Mississauga--Streetsville"," 408","Mississauga",N,N,"",0,270,"Hill","","Chris","Green Party","Parti Vert",N,N,4
35063,"Mississauga--Streetsville","Mississauga--Streetsville"," 408","Mississauga",N,N,"",0,270,"Rattan","","Jasveen","Conservative","Conservateur",N,N,47
35063,"Mississauga--Streetsville","Mississauga--Streetsville"," 408","Mississauga",N,N,"",0,270,"Spizzirri","","Natalie","Animal Protection Party","Parti Protection Animaux",N,N,0
35063,"Mississauga--Streetsville","Mississauga--Streetsville"," 408","Mississauga",N,N,"",0,270,"Valdez","","Rechie","Liberal","Libéral",N,Y,33
35063,"Mississauga--Streetsville","Mississauga--Streetsville"," 408","Mississauga",N,N,"",0,270,"Wolosz","","Gurdeep","People's Party - PPC","Parti populaire - PPC",N,N,8
35063,"Mississauga--Streetsville","Mississauga--Streetsville"," 600","Mississauga",N,N,"",4,0,"Hassan","","Farina","NDP-New Democratic Party","NPD-Nouveau Parti démocratique",N,N,110
35063,"Mississauga--Streetsville","Mississauga--Streetsville"," 600","Mississauga",N,N,"",4,0,"Hill","","Chris","Green Party","Parti Vert",N,N,12
35063,"Mississauga--Streetsville","Mississauga--Streetsville"," 600","Mississauga",N,N,"",4,0,"Rattan","","Jasveen","Conservative","Conservateur",N,N,334
35063,"Mississauga--Streetsville","Mississauga--Streetsville"," 600","Mississauga",N,N,"",4,0,"Spizzirri","","Natalie","Animal Protection Party","Parti Protection Animaux",N,N,3
35063,"Mississauga--Streetsville","Mississauga--Streetsville"," 600","Mississauga",N,N,"",4,0,"Valdez","","Rechie","Liberal","Libéral",N,Y,557
35063,"Mississauga--Streetsville","Mississauga--Streetsville"," 600","Mississauga",N,N,"",4,0,"Wolosz","","Gurdeep","People's Party - PPC","Parti populaire - PPC",N,N,49
35063,"Mississauga--Streetsville","Mississauga--Streetsville"," 601","Mississauga",N,N,"",5,0,"Hassan","","Farina","NDP-New Democratic Party","NPD-Nouveau Parti démocratique",N,N,100
35063,"Mississauga--Streetsville","Mississauga--Streetsville"," 601","Mississauga",N,N,"",5,0,"Hill","","Chris","Green Party","Parti Vert",N,N,12
35063,"Mississauga--Streetsville","Mississauga--Streetsville"," 601","Mississauga",N,N,"",5,0,"Rattan","","Jasveen","Conservative","Conservateur",N,N,448
35063,"Mississauga--Streetsville","Mississauga--Streetsville"," 601","Mississauga",N,N,"",5,0,"Spizzirri","","Natalie","Animal Protection Party","Parti Protection Animaux",N,N,2
35063,"Mississauga--Streetsville","Mississauga--Streetsville"," 601","Mississauga",N,N,"",5,0,"Valdez","","Rechie","Liberal","Libéral",N,Y,485
35063,"Mississauga--Streetsville","Mississauga--Streetsville"," 601","Mississauga",N,N,"",5,0,"Wolosz","","Gurdeep","People's Party - PPC","Parti populaire - PPC",N,N,37
35063,"Mississauga--Streetsville","Mississauga--Streetsville"," 602","Mississauga",N,N,"",3,0,"Hassan","","Farina","NDP-New Democratic Party","NPD-Nouveau Parti démocratique",N,N,112
35063,"Mississauga--Streetsville","Mississauga--Streetsville"," 602","Mississauga",N,N,"",3,0,"Hill","","Chris","Green Party","Parti Vert",N,N,25
35063,"Mississauga--Streetsville","Mississauga--Streetsville"," 602","Mississauga",N,N,"",3,0,"Rattan","","Jasveen","Conservative","Conservateur",N,N,510
35063,"Mississauga--Streetsville","Mississauga--Streetsville"," 602","Mississauga",N,N,"",3,0,"Spizzirri","","Natalie","Animal Protection Party","Parti Protection Animaux",N,N,2
35063,"Mississauga--Streetsville","Mississauga--Streetsville"," 602","Mississauga",N,N,"",3,0,"Valdez","","Rechie","Liberal","Libéral",N,Y,568
35063,"Mississauga--Streetsville","Mississauga--Streetsville"," 602","Mississauga",N,N,"",3,0,"Wolosz","","Gurdeep","People's Party - PPC","Parti populaire - PPC",N,N,48
35063,"Mississauga--Streetsville","Mississauga--Streetsville"," 603","Mississauga",N,N,"",3,0,"Hassan","","Farina","NDP-New Democratic Party","NPD-Nouveau Parti démocratique",N,N,136
35063,"Mississauga--Streetsville","Mississauga--Streetsville"," 603","Mississauga",N,N,"",3,0,"Hill","","Chris","Green Party","Parti Vert",N,N,19
35063,"Mississauga--Streetsville","Mississauga--Streetsville"," 603","Mississauga",N,N,"",3,0,"Rattan","","Jasveen","Conservative","Conservateur",N,N,446
35063,"Mississauga--Streetsville","Mississauga--Streetsville"," 603","Mississauga",N,N,"",3,0,"Spizzirri","","Natalie","Animal Protection Party","Parti Protection Animaux",N,N,7
35063,"Mississauga--Streetsville","Mississauga--Streetsville"," 603","Mississauga",N,N,"",3,0,"Valdez","","Rechie","Liberal","Libéral",N,Y,639
35063,"Mississauga--Streetsville","Mississauga--Streetsville"," 603","Mississauga",N,N,"",3,0,"Wolosz","","Gurdeep","People's Party - PPC","Parti populaire - PPC",N,N,52
35063,"Mississauga--Streetsville","Mississauga--Streetsville"," 604","Mississauga",N,N,"",7,0,"Hassan","","Farina","NDP-New Democratic Party","NPD-Nouveau Parti démocratique",N,N,86
35063,"Mississauga--Streetsville","Mississauga--Streetsville"," 604","Mississauga",N,N,"",7,0,"Hill","","Chris","Green Party","Parti Vert",N,N,10
35063,"Mississauga--Streetsville","Mississauga--Streetsville"," 604","Mississauga",N,N,"",7,0,"Rattan","","Jasveen","Conservative","Conservateur",N,N,548
35063,"Mississauga--Streetsville","Mississauga--Streetsville"," 604","Mississauga",N,N,"",7,0,"Spizzirri","","Natalie","Animal Protection Party","Parti Protection Animaux",N,N,2
35063,"Mississauga--Streetsville","Mississauga--Streetsville"," 604","Mississauga",N,N,"",7,0,"Valdez","","Rechie","Liberal","Libéral",N,Y,594
35063,"Mississauga--Streetsville","Mississauga--Streetsville"," 604","Mississauga",N,N,"",7,0,"Wolosz","","Gurdeep","People's Party - PPC","Parti populaire - PPC",N,N,41
35063,"Mississauga--Streetsville","Mississauga--Streetsville"," 605","Mississauga",N,N,"",4,0,"Hassan","","Farina","NDP-New Democratic Party","NPD-Nouveau Parti démocratique",N,N,130
35063,"Mississauga--Streetsville","Mississauga--Streetsville"," 605","Mississauga",N,N,"",4,0,"Hill","","Chris","Green Party","Parti Vert",N,N,39
35063,"Mississauga--Streetsville","Mississauga--Streetsville"," 605","Mississauga",N,N,"",4,0,"Rattan","","Jasveen","Conservative","Conservateur",N,N,648
35063,"Mississauga--Streetsville","Mississauga--Streetsville"," 605","Mississauga",N,N,"",4,0,"Spizzirri","","Natalie","Animal Protection Party","Parti Protection Animaux",N,N,4
35063,"Mississauga--Streetsville","Mississauga--Streetsville"," 605","Mississauga",N,N,"",4,0,"Valdez","","Rechie","Liberal","Libéral",N,Y,692
35063,"Mississauga--Streetsville","Mississauga--Streetsville"," 605","Mississauga",N,N,"",4,0,"Wolosz","","Gurdeep","People's Party - PPC","Parti populaire - PPC",N,N,61
35063,"Mississauga--Streetsville","Mississauga--Streetsville"," 606","Mississauga",N,N,"",10,0,"Hassan","","Farina","NDP-New Democratic Party","NPD-Nouveau Parti démocratique",N,N,175
35063,"Mississauga--Streetsville","Mississauga--Streetsville"," 606","Mississauga",N,N,"",10,0,"Hill","","Chris","Green Party","Parti Vert",N,N,35
35063,"Mississauga--Streetsville","Mississauga--Streetsville"," 606","Mississauga",N,N,"",10,0,"Rattan","","Jasveen","Conservative","Conservateur",N,N,517
35063,"Mississauga--Streetsville","Mississauga--Streetsville"," 606","Mississauga",N,N,"",10,0,"Spizzirri","","Natalie","Animal Protection Party","Parti Protection Animaux",N,N,10
35063,"Mississauga--Streetsville","Mississauga--Streetsville"," 606","Mississauga",N,N,"",10,0,"Valdez","","Rechie","Liberal","Libéral",N,Y,693
35063,"Mississauga--Streetsville","Mississauga--Streetsville"," 606","Mississauga",N,N,"",10,0,"Wolosz","","Gurdeep","People's Party - PPC","Parti populaire - PPC",N,N,84
35063,"Mississauga--Streetsville","Mississauga--Streetsville"," 607","Mississauga",N,N,"",11,0,"Hassan","","Farina","NDP-New Democratic Party","NPD-Nouveau Parti démocratique",N,N,211
35063,"Mississauga--Streetsville","Mississauga--Streetsville"," 607","Mississauga",N,N,"",11,0,"Hill","","Chris","Green Party","Parti Vert",N,N,37
35063,"Mississauga--Streetsville","Mississauga--Streetsville"," 607","Mississauga",N,N,"",11,0,"Rattan","","Jasveen","Conservative","Conservateur",N,N,573
35063,"Mississauga--Streetsville","Mississauga--Streetsville"," 607","Mississauga",N,N,"",11,0,"Spizzirri","","Natalie","Animal Protection Party","Parti Protection Animaux",N,N,7
35063,"Mississauga--Streetsville","Mississauga--Streetsville"," 607","Mississauga",N,N,"",11,0,"Valdez","","Rechie","Liberal","Libéral",N,Y,691
35063,"Mississauga--Streetsville","Mississauga--Streetsville"," 607","Mississauga",N,N,"",11,0,"Wolosz","","Gurdeep","People's Party - PPC","Parti populaire - PPC",N,N,60
35063,"Mississauga--Streetsville","Mississauga--Streetsville"," 608","Mississauga",N,N,"",3,0,"Hassan","","Farina","NDP-New Democratic Party","NPD-Nouveau Parti démocratique",N,N,126
35063,"Mississauga--Streetsville","Mississauga--Streetsville"," 608","Mississauga",N,N,"",3,0,"Hill","","Chris","Green Party","Parti Vert",N,N,23
35063,"Mississauga--Streetsville","Mississauga--Streetsville"," 608","Mississauga",N,N,"",3,0,"Rattan","","Jasveen","Conservative","Conservateur",N,N,444
35063,"Mississauga--Streetsville","Mississauga--Streetsville"," 608","Mississauga",N,N,"",3,0,"Spizzirri","","Natalie","Animal Protection Party","Parti Protection Animaux",N,N,3
35063,"Mississauga--Streetsville","Mississauga--Streetsville"," 608","Mississauga",N,N,"",3,0,"Valdez","","Rechie","Liberal","Libéral",N,Y,641
35063,"Mississauga--Streetsville","Mississauga--Streetsville"," 608","Mississauga",N,N,"",3,0,"Wolosz","","Gurdeep","People's Party - PPC","Parti populaire - PPC",N,N,48
35063,"Mississauga--Streetsville","Mississauga--Streetsville"," 609","Mississauga",N,N,"",4,0,"Hassan","","Farina","NDP-New Democratic Party","NPD-Nouveau Parti démocratique",N,N,98
35063,"Mississauga--Streetsville","Mississauga--Streetsville"," 609","Mississauga",N,N,"",4,0,"Hill","","Chris","Green Party","Parti Vert",N,N,20
35063,"Mississauga--Streetsville","Mississauga--Streetsville"," 609","Mississauga",N,N,"",4,0,"Rattan","","Jasveen","Conservative","Conservateur",N,N,352
35063,"Mississauga--Streetsville","Mississauga--Streetsville"," 609","Mississauga",N,N,"",4,0,"Spizzirri","","Natalie","Animal Protection Party","Parti Protection Animaux",N,N,5
35063,"Mississauga--Streetsville","Mississauga--Streetsville"," 609","Mississauga",N,N,"",4,0,"Valdez","","Rechie","Liberal","Libéral",N,Y,460
35063,"Mississauga--Streetsville","Mississauga--Streetsville"," 609","Mississauga",N,N,"",4,0,"Wolosz","","Gurdeep","People's Party - PPC","Parti populaire - PPC",N,N,17
35063,"Mississauga--Streetsville","Mississauga--Streetsville"," 610","Mississauga",N,N,"",8,0,"Hassan","","Farina","NDP-New Democratic Party","NPD-Nouveau Parti démocratique",N,N,112
35063,"Mississauga--Streetsville","Mississauga--Streetsville"," 610","Mississauga",N,N,"",8,0,"Hill","","Chris","Green Party","Parti Vert",N,N,18
35063,"Mississauga--Streetsville","Mississauga--Streetsville"," 610","Mississauga",N,N,"",8,0,"Rattan","","Jasveen","Conservative","Conservateur",N,N,421
35063,"Mississauga--Streetsville","Mississauga--Streetsville"," 610","Mississauga",N,N,"",8,0,"Spizzirri","","Natalie","Animal Protection Party","Parti Protection Animaux",N,N,8
35063,"Mississauga--Streetsville","Mississauga--Streetsville"," 610","Mississauga",N,N,"",8,0,"Valdez","","Rechie","Liberal","Libéral",N,Y,585
35063,"Mississauga--Streetsville","Mississauga--Streetsville"," 610","Mississauga",N,N,"",8,0,"Wolosz","","Gurdeep","People's Party - PPC","Parti populaire - PPC",N,N,34
35063,"Mississauga--Streetsville","Mississauga--Streetsville"," 611","Mississauga",N,N,"",3,0,"Hassan","","Farina","NDP-New Democratic Party","NPD-Nouveau Parti démocratique",N,N,164
35063,"Mississauga--Streetsville","Mississauga--Streetsville"," 611","Mississauga",N,N,"",3,0,"Hill","","Chris","Green Party","Parti Vert",N,N,28
35063,"Mississauga--Streetsville","Mississauga--Streetsville"," 611","Mississauga",N,N,"",3,0,"Rattan","","Jasveen","Conservative","Conservateur",N,N,430
35063,"Mississauga--Streetsville","Mississauga--Streetsville"," 611","Mississauga",N,N,"",3,0,"Spizzirri","","Natalie","Animal Protection Party","Parti Protection Animaux",N,N,4
35063,"Mississauga--Streetsville","Mississauga--Streetsville"," 611","Mississauga",N,N,"",3,0,"Valdez","","Rechie","Liberal","Libéral",N,Y,537
35063,"Mississauga--Streetsville","Mississauga--Streetsville"," 611","Mississauga",N,N,"",3,0,"Wolosz","","Gurdeep","People's Party - PPC","Parti populaire - PPC",N,N,58
35063,"Mississauga--Streetsville","Mississauga--Streetsville"," 612","Mississauga",N,N,"",3,0,"Hassan","","Farina","NDP-New Democratic Party","NPD-Nouveau Parti démocratique",N,N,158
35063,"Mississauga--Streetsville","Mississauga--Streetsville"," 612","Mississauga",N,N,"",3,0,"Hill","","Chris","Green Party","Parti Vert",N,N,28
35063,"Mississauga--Streetsville","Mississauga--Streetsville"," 612","Mississauga",N,N,"",3,0,"Rattan","","Jasveen","Conservative","Conservateur",N,N,487
35063,"Mississauga--Streetsville","Mississauga--Streetsville"," 612","Mississauga",N,N,"",3,0,"Spizzirri","","Natalie","Animal Protection Party","Parti Protection Animaux",N,N,10
35063,"Mississauga--Streetsville","Mississauga--Streetsville"," 612","Mississauga",N,N,"",3,0,"Valdez","","Rechie","Liberal","Libéral",N,Y,667
35063,"Mississauga--Streetsville","Mississauga--Streetsville"," 612","Mississauga",N,N,"",3,0,"Wolosz","","Gurdeep","People's Party - PPC","Parti populaire - PPC",N,N,71
35063,"Mississauga--Streetsville","Mississauga--Streetsville"," 613","Mississauga",N,N,"",1,0,"Hassan","","Farina","NDP-New Democratic Party","NPD-Nouveau Parti démocratique",N,N,94
35063,"Mississauga--Streetsville","Mississauga--Streetsville"," 613","Mississauga",N,N,"",1,0,"Hill","","Chris","Green Party","Parti Vert",N,N,14
35063,"Mississauga--Streetsville","Mississauga--Streetsville"," 613","Mississauga",N,N,"",1,0,"Rattan","","Jasveen","Conservative","Conservateur",N,N,381
35063,"Mississauga--Streetsville","Mississauga--Streetsville"," 613","Mississauga",N,N,"",1,0,"Spizzirri","","Natalie","Animal Protection Party","Parti Protection Animaux",N,N,5
35063,"Mississauga--Streetsville","Mississauga--Streetsville"," 613","Mississauga",N,N,"",1,0,"Valdez","","Rechie","Liberal","Libéral",N,Y,472
35063,"Mississauga--Streetsville","Mississauga--Streetsville"," 613","Mississauga",N,N,"",1,0,"Wolosz","","Gurdeep","People's Party - PPC","Parti populaire - PPC",N,N,42
35063,"Mississauga--Streetsville","Mississauga--Streetsville"," 614","Mississauga",N,N,"",2,0,"Hassan","","Farina","NDP-New Democratic Party","NPD-Nouveau Parti démocratique",N,N,61
35063,"Mississauga--Streetsville","Mississauga--Streetsville"," 614","Mississauga",N,N,"",2,0,"Hill","","Chris","Green Party","Parti Vert",N,N,10
35063,"Mississauga--Streetsville","Mississauga--Streetsville"," 614","Mississauga",N,N,"",2,0,"Rattan","","Jasveen","Conservative","Conservateur",N,N,218
35063,"Mississauga--Streetsville","Mississauga--Streetsville"," 614","Mississauga",N,N,"",2,0,"Spizzirri","","Natalie","Animal Protection Party","Parti Protection Animaux",N,N,3
35063,"Mississauga--Streetsville","Mississauga--Streetsville"," 614","Mississauga",N,N,"",2,0,"Valdez","","Rechie","Liberal","Libéral",N,Y,458
35063,"Mississauga--Streetsville","Mississauga--Streetsville"," 614","Mississauga",N,N,"",2,0,"Wolosz","","Gurdeep","People's Party - PPC","Parti populaire - PPC",N,N,29
35063,"Mississauga--Streetsville","Mississauga--Streetsville"," S/R 1","SVR Group 1/RÉS Groupe 1",N,N,"",15,226,"Hassan","","Farina","NDP-New Democratic Party","NPD-Nouveau Parti démocratique",N,N,114
35063,"Mississauga--Streetsville","Mississauga--Streetsville"," S/R 1","SVR Group 1/RÉS Groupe 1",N,N,"",15,226,"Hill","","Chris","Green Party","Parti Vert",N,N,7
35063,"Mississauga--Streetsville","Mississauga--Streetsville"," S/R 1","SVR Group 1/RÉS Groupe 1",N,N,"",15,226,"Rattan","","Jasveen","Conservative","Conservateur",N,N,176
35063,"Mississauga--Streetsville","Mississauga--Streetsville"," S/R 1","SVR Group 1/RÉS Groupe 1",N,N,"",15,226,"Spizzirri","","Natalie","Animal Protection Party","Parti Protection Animaux",N,N,1
35063,"Mississauga--Streetsville","Mississauga--Streetsville"," S/R 1","SVR Group 1/RÉS Groupe 1",N,N,"",15,226,"Valdez","","Rechie","Liberal","Libéral",N,Y,261
35063,"Mississauga--Streetsville","Mississauga--Streetsville"," S/R 1","SVR Group 1/RÉS Groupe 1",N,N,"",15,226,"Wolosz","","Gurdeep","People's Party - PPC","Parti populaire - PPC",N,N,13
35063,"Mississauga--Streetsville","Mississauga--Streetsville"," S/R 2","SVR Group 2/RÉS Groupe 2",N,N,"",46,0,"Hassan","","Farina","NDP-New Democratic Party","NPD-Nouveau Parti démocratique",N,N,142
35063,"Mississauga--Streetsville","Mississauga--Streetsville"," S/R 2","SVR Group 2/RÉS Groupe 2",N,N,"",46,0,"Hill","","Chris","Green Party","Parti Vert",N,N,15
35063,"Mississauga--Streetsville","Mississauga--Streetsville"," S/R 2","SVR Group 2/RÉS Groupe 2",N,N,"",46,0,"Rattan","","Jasveen","Conservative","Conservateur",N,N,306
35063,"Mississauga--Streetsville","Mississauga--Streetsville"," S/R 2","SVR Group 2/RÉS Groupe 2",N,N,"",46,0,"Spizzirri","","Natalie","Animal Protection Party","Parti Protection Animaux",N,N,3
35063,"Mississauga--Streetsville","Mississauga--Streetsville"," S/R 2","SVR Group 2/RÉS Groupe 2",N,N,"",46,0,"Valdez","","Rechie","Liberal","Libéral",N,Y,554
35063,"Mississauga--Streetsville","Mississauga--Streetsville"," S/R 2","SVR Group 2/RÉS Groupe 2",N,N,"",46,0,"Wolosz","","Gurdeep","People's Party - PPC","Parti populaire - PPC",N,N,7
