Electoral District Number/Numéro de circonscription,Electoral District Name_English/Nom de circonscription_Anglais,Electoral District Name_French/Nom de circonscription_Français,Polling Station Number/Numéro du bureau de scrutin,Polling Station Name/Nom du bureau de scrutin,Void Poll Indicator/Indicateur de bureau supprimé,No Poll Held Indicator/Indicateur de bureau sans scrutin,Merge With/Fusionné avec,Rejected Ballots for Polling Station/Bulletins rejetés du bureau,Electors for Polling Station/Électeurs du bureau,Candidate’s Family Name/Nom de famille du candidat,Candidate’s Middle Name/Second prénom du candidat,Candidate’s First Name/Prénom du candidat,Political Affiliation Name_English/Appartenance politique_Anglais,Political Affiliation Name_French/Appartenance politique_Français,Incumbent Indicator/Indicateur_Candidat sortant,Elected Candidate Indicator/Indicateur du candidat élu,Candidate Poll Votes Count/Votes du candidat pour le bureau
47006,"Prince Albert","Prince Albert"," 1","Paddockwood",N,N,"",2,405,"Graham","","Hamish","Green Party","Parti Vert",N,N,2
47006,"Prince Albert","Prince Albert"," 1","Paddockwood",N,N,"",2,405,"Hjertaas","","Estelle","Liberal","Libéral",N,N,24
47006,"Prince Albert","Prince Albert"," 1","Paddockwood",N,N,"",2,405,"Hoback","","Randy","Conservative","Conservateur",Y,Y,140
47006,"Prince Albert","Prince Albert"," 1","Paddockwood",N,N,"",2,405,"MacDougall","","Ken","NDP-New Democratic Party","NPD-Nouveau Parti démocratique",N,N,28
47006,"Prince Albert","Prince Albert"," 1","Paddockwood",N,N,"",2,405,"McCrea","","Joseph","People's Party - PPC","Parti populaire - PPC",N,N,9
47006,"Prince Albert","Prince Albert"," 1","Paddockwood",N,N,"",2,405,"Schmitt","","Heather","Maverick Party","Maverick Party",N,N,3
47006,"Prince Albert","Prince Albert"," 2","Spruce Home",N,N,"",0,322,"Graham","","Hamish","Green Party","Parti Vert",N,N,2
47006,"Prince Albert","Prince Albert"," 2","Spruce Home",N,N,"",0,322,"Hjertaas","","Estelle","Liberal","Libéral",N,N,9
47006,"Prince Albert","Prince Albert"," 2","Spruce Home",N,N,"",0,322,"Hoback","","Randy","Conservative","Conservateur",Y,Y,121
47006,"Prince Albert","Prince Albert"," 2","Spruce Home",N,N,"",0,322,"MacDougall","","Ken","NDP-New Democratic Party","NPD-Nouveau Parti démocratique",N,N,27
47006,"Prince Albert","Prince Albert"," 2","Spruce Home",N,N,"",0,322,"McCrea","","Joseph","People's Party - PPC","Parti populaire - PPC",N,N,9
47006,"Prince Albert","Prince Albert"," 2","Spruce Home",N,N,"",0,322,"Schmitt","","Heather","Maverick Party","Maverick Party",N,N,4
47006,"Prince Albert","Prince Albert"," 3","Albertville",N,N,"",0,349,"Graham","","Hamish","Green Party","Parti Vert",N,N,0
47006,"Prince Albert","Prince Albert"," 3","Albertville",N,N,"",0,349,"Hjertaas","","Estelle","Liberal","Libéral",N,N,11
47006,"Prince Albert","Prince Albert"," 3","Albertville",N,N,"",0,349,"Hoback","","Randy","Conservative","Conservateur",Y,Y,135
47006,"Prince Albert","Prince Albert"," 3","Albertville",N,N,"",0,349,"MacDougall","","Ken","NDP-New Democratic Party","NPD-Nouveau Parti démocratique",N,N,18
47006,"Prince Albert","Prince Albert"," 3","Albertville",N,N,"",0,349,"McCrea","","Joseph","People's Party - PPC","Parti populaire - PPC",N,N,21
47006,"Prince Albert","Prince Albert"," 3","Albertville",N,N,"",0,349,"Schmitt","","Heather","Maverick Party","Maverick Party",N,N,1
47006,"Prince Albert","Prince Albert"," 4","Meath Park",N,N,"",1,441,"Graham","","Hamish","Green Party","Parti Vert",N,N,1
47006,"Prince Albert","Prince Albert"," 4","Meath Park",N,N,"",1,441,"Hjertaas","","Estelle","Liberal","Libéral",N,N,15
47006,"Prince Albert","Prince Albert"," 4","Meath Park",N,N,"",1,441,"Hoback","","Randy","Conservative","Conservateur",Y,Y,191
47006,"Prince Albert","Prince Albert"," 4","Meath Park",N,N,"",1,441,"MacDougall","","Ken","NDP-New Democratic Party","NPD-Nouveau Parti démocratique",N,N,19
47006,"Prince Albert","Prince Albert"," 4","Meath Park",N,N,"",1,441,"McCrea","","Joseph","People's Party - PPC","Parti populaire - PPC",N,N,13
47006,"Prince Albert","Prince Albert"," 4","Meath Park",N,N,"",1,441,"Schmitt","","Heather","Maverick Party","Maverick Party",N,N,4
47006,"Prince Albert","Prince Albert"," 5","Kalyna",N,N,"",0,269,"Graham","","Hamish","Green Party","Parti Vert",N,N,3
47006,"Prince Albert","Prince Albert"," 5","Kalyna",N,N,"",0,269,"Hjertaas","","Estelle","Liberal","Libéral",N,N,3
47006,"Prince Albert","Prince Albert"," 5","Kalyna",N,N,"",0,269,"Hoback","","Randy","Conservative","Conservateur",Y,Y,113
47006,"Prince Albert","Prince Albert"," 5","Kalyna",N,N,"",0,269,"MacDougall","","Ken","NDP-New Democratic Party","NPD-Nouveau Parti démocratique",N,N,19
47006,"Prince Albert","Prince Albert"," 5","Kalyna",N,N,"",0,269,"McCrea","","Joseph","People's Party - PPC","Parti populaire - PPC",N,N,14
47006,"Prince Albert","Prince Albert"," 5","Kalyna",N,N,"",0,269,"Schmitt","","Heather","Maverick Party","Maverick Party",N,N,3
47006,"Prince Albert","Prince Albert"," 6","Shellbrook",N,N,"",0,451,"Graham","","Hamish","Green Party","Parti Vert",N,N,0
47006,"Prince Albert","Prince Albert"," 6","Shellbrook",N,N,"",0,451,"Hjertaas","","Estelle","Liberal","Libéral",N,N,7
47006,"Prince Albert","Prince Albert"," 6","Shellbrook",N,N,"",0,451,"Hoback","","Randy","Conservative","Conservateur",Y,Y,119
47006,"Prince Albert","Prince Albert"," 6","Shellbrook",N,N,"",0,451,"MacDougall","","Ken","NDP-New Democratic Party","NPD-Nouveau Parti démocratique",N,N,11
47006,"Prince Albert","Prince Albert"," 6","Shellbrook",N,N,"",0,451,"McCrea","","Joseph","People's Party - PPC","Parti populaire - PPC",N,N,8
47006,"Prince Albert","Prince Albert"," 6","Shellbrook",N,N,"",0,451,"Schmitt","","Heather","Maverick Party","Maverick Party",N,N,1
47006,"Prince Albert","Prince Albert"," 7","Shellbrook",N,N,"",0,362,"Graham","","Hamish","Green Party","Parti Vert",N,N,1
47006,"Prince Albert","Prince Albert"," 7","Shellbrook",N,N,"",0,362,"Hjertaas","","Estelle","Liberal","Libéral",N,N,8
47006,"Prince Albert","Prince Albert"," 7","Shellbrook",N,N,"",0,362,"Hoback","","Randy","Conservative","Conservateur",Y,Y,98
47006,"Prince Albert","Prince Albert"," 7","Shellbrook",N,N,"",0,362,"MacDougall","","Ken","NDP-New Democratic Party","NPD-Nouveau Parti démocratique",N,N,3
47006,"Prince Albert","Prince Albert"," 7","Shellbrook",N,N,"",0,362,"McCrea","","Joseph","People's Party - PPC","Parti populaire - PPC",N,N,7
47006,"Prince Albert","Prince Albert"," 7","Shellbrook",N,N,"",0,362,"Schmitt","","Heather","Maverick Party","Maverick Party",N,N,0
47006,"Prince Albert","Prince Albert"," 8","Shellbrook",N,N,"",1,248,"Graham","","Hamish","Green Party","Parti Vert",N,N,0
47006,"Prince Albert","Prince Albert"," 8","Shellbrook",N,N,"",1,248,"Hjertaas","","Estelle","Liberal","Libéral",N,N,5
47006,"Prince Albert","Prince Albert"," 8","Shellbrook",N,N,"",1,248,"Hoback","","Randy","Conservative","Conservateur",Y,Y,57
47006,"Prince Albert","Prince Albert"," 8","Shellbrook",N,N,"",1,248,"MacDougall","","Ken","NDP-New Democratic Party","NPD-Nouveau Parti démocratique",N,N,8
47006,"Prince Albert","Prince Albert"," 8","Shellbrook",N,N,"",1,248,"McCrea","","Joseph","People's Party - PPC","Parti populaire - PPC",N,N,8
47006,"Prince Albert","Prince Albert"," 8","Shellbrook",N,N,"",1,248,"Schmitt","","Heather","Maverick Party","Maverick Party",N,N,1
47006,"Prince Albert","Prince Albert"," 9A","Shellbrook",N,N,"",1,523,"Graham","","Hamish","Green Party","Parti Vert",N,N,0
47006,"Prince Albert","Prince Albert"," 9A","Shellbrook",N,N,"",1,523,"Hjertaas","","Estelle","Liberal","Libéral",N,N,6
47006,"Prince Albert","Prince Albert"," 9A","Shellbrook",N,N,"",1,523,"Hoback","","Randy","Conservative","Conservateur",Y,Y,112
47006,"Prince Albert","Prince Albert"," 9A","Shellbrook",N,N,"",1,523,"MacDougall","","Ken","NDP-New Democratic Party","NPD-Nouveau Parti démocratique",N,N,20
47006,"Prince Albert","Prince Albert"," 9A","Shellbrook",N,N,"",1,523,"McCrea","","Joseph","People's Party - PPC","Parti populaire - PPC",N,N,17
47006,"Prince Albert","Prince Albert"," 9A","Shellbrook",N,N,"",1,523,"Schmitt","","Heather","Maverick Party","Maverick Party",N,N,5
47006,"Prince Albert","Prince Albert"," 9B","Mobile poll/Bureau itinérant",N,N,"",0,10,"Graham","","Hamish","Green Party","Parti Vert",N,N,0
47006,"Prince Albert","Prince Albert"," 9B","Mobile poll/Bureau itinérant",N,N,"",0,10,"Hjertaas","","Estelle","Liberal","Libéral",N,N,0
47006,"Prince Albert","Prince Albert"," 9B","Mobile poll/Bureau itinérant",N,N,"",0,10,"Hoback","","Randy","Conservative","Conservateur",Y,Y,7
47006,"Prince Albert","Prince Albert"," 9B","Mobile poll/Bureau itinérant",N,N,"",0,10,"MacDougall","","Ken","NDP-New Democratic Party","NPD-Nouveau Parti démocratique",N,N,1
47006,"Prince Albert","Prince Albert"," 9B","Mobile poll/Bureau itinérant",N,N,"",0,10,"McCrea","","Joseph","People's Party - PPC","Parti populaire - PPC",N,N,0
47006,"Prince Albert","Prince Albert"," 9B","Mobile poll/Bureau itinérant",N,N,"",0,10,"Schmitt","","Heather","Maverick Party","Maverick Party",N,N,0
47006,"Prince Albert","Prince Albert"," 10","Holbein",N,N,"",0,424,"Graham","","Hamish","Green Party","Parti Vert",N,N,6
47006,"Prince Albert","Prince Albert"," 10","Holbein",N,N,"",0,424,"Hjertaas","","Estelle","Liberal","Libéral",N,N,8
47006,"Prince Albert","Prince Albert"," 10","Holbein",N,N,"",0,424,"Hoback","","Randy","Conservative","Conservateur",Y,Y,126
47006,"Prince Albert","Prince Albert"," 10","Holbein",N,N,"",0,424,"MacDougall","","Ken","NDP-New Democratic Party","NPD-Nouveau Parti démocratique",N,N,27
47006,"Prince Albert","Prince Albert"," 10","Holbein",N,N,"",0,424,"McCrea","","Joseph","People's Party - PPC","Parti populaire - PPC",N,N,7
47006,"Prince Albert","Prince Albert"," 10","Holbein",N,N,"",0,424,"Schmitt","","Heather","Maverick Party","Maverick Party",N,N,2
47006,"Prince Albert","Prince Albert"," 11","Buckland No. 491",N,N,"",0,184,"Graham","","Hamish","Green Party","Parti Vert",N,N,1
47006,"Prince Albert","Prince Albert"," 11","Buckland No. 491",N,N,"",0,184,"Hjertaas","","Estelle","Liberal","Libéral",N,N,8
47006,"Prince Albert","Prince Albert"," 11","Buckland No. 491",N,N,"",0,184,"Hoback","","Randy","Conservative","Conservateur",Y,Y,64
47006,"Prince Albert","Prince Albert"," 11","Buckland No. 491",N,N,"",0,184,"MacDougall","","Ken","NDP-New Democratic Party","NPD-Nouveau Parti démocratique",N,N,16
47006,"Prince Albert","Prince Albert"," 11","Buckland No. 491",N,N,"",0,184,"McCrea","","Joseph","People's Party - PPC","Parti populaire - PPC",N,N,6
47006,"Prince Albert","Prince Albert"," 11","Buckland No. 491",N,N,"",0,184,"Schmitt","","Heather","Maverick Party","Maverick Party",N,N,4
47006,"Prince Albert","Prince Albert"," 12","Buckland No. 491",N,N,"",0,352,"Graham","","Hamish","Green Party","Parti Vert",N,N,0
47006,"Prince Albert","Prince Albert"," 12","Buckland No. 491",N,N,"",0,352,"Hjertaas","","Estelle","Liberal","Libéral",N,N,5
47006,"Prince Albert","Prince Albert"," 12","Buckland No. 491",N,N,"",0,352,"Hoback","","Randy","Conservative","Conservateur",Y,Y,123
47006,"Prince Albert","Prince Albert"," 12","Buckland No. 491",N,N,"",0,352,"MacDougall","","Ken","NDP-New Democratic Party","NPD-Nouveau Parti démocratique",N,N,27
47006,"Prince Albert","Prince Albert"," 12","Buckland No. 491",N,N,"",0,352,"McCrea","","Joseph","People's Party - PPC","Parti populaire - PPC",N,N,13
47006,"Prince Albert","Prince Albert"," 12","Buckland No. 491",N,N,"",0,352,"Schmitt","","Heather","Maverick Party","Maverick Party",N,N,2
47006,"Prince Albert","Prince Albert"," 13","Buckland No. 491",N,N,"",0,586,"Graham","","Hamish","Green Party","Parti Vert",N,N,4
47006,"Prince Albert","Prince Albert"," 13","Buckland No. 491",N,N,"",0,586,"Hjertaas","","Estelle","Liberal","Libéral",N,N,29
47006,"Prince Albert","Prince Albert"," 13","Buckland No. 491",N,N,"",0,586,"Hoback","","Randy","Conservative","Conservateur",Y,Y,176
47006,"Prince Albert","Prince Albert"," 13","Buckland No. 491",N,N,"",0,586,"MacDougall","","Ken","NDP-New Democratic Party","NPD-Nouveau Parti démocratique",N,N,32
47006,"Prince Albert","Prince Albert"," 13","Buckland No. 491",N,N,"",0,586,"McCrea","","Joseph","People's Party - PPC","Parti populaire - PPC",N,N,21
47006,"Prince Albert","Prince Albert"," 13","Buckland No. 491",N,N,"",0,586,"Schmitt","","Heather","Maverick Party","Maverick Party",N,N,6
47006,"Prince Albert","Prince Albert"," 14","Wahpeton 94A",N,N,"",0,119,"Graham","","Hamish","Green Party","Parti Vert",N,N,0
47006,"Prince Albert","Prince Albert"," 14","Wahpeton 94A",N,N,"",0,119,"Hjertaas","","Estelle","Liberal","Libéral",N,N,29
47006,"Prince Albert","Prince Albert"," 14","Wahpeton 94A",N,N,"",0,119,"Hoback","","Randy","Conservative","Conservateur",Y,Y,3
47006,"Prince Albert","Prince Albert"," 14","Wahpeton 94A",N,N,"",0,119,"MacDougall","","Ken","NDP-New Democratic Party","NPD-Nouveau Parti démocratique",N,N,20
47006,"Prince Albert","Prince Albert"," 14","Wahpeton 94A",N,N,"",0,119,"McCrea","","Joseph","People's Party - PPC","Parti populaire - PPC",N,N,0
47006,"Prince Albert","Prince Albert"," 14","Wahpeton 94A",N,N,"",0,119,"Schmitt","","Heather","Maverick Party","Maverick Party",N,N,0
47006,"Prince Albert","Prince Albert"," 15","Shipman",N,N,"",0,284,"Graham","","Hamish","Green Party","Parti Vert",N,N,0
47006,"Prince Albert","Prince Albert"," 15","Shipman",N,N,"",0,284,"Hjertaas","","Estelle","Liberal","Libéral",N,N,8
47006,"Prince Albert","Prince Albert"," 15","Shipman",N,N,"",0,284,"Hoback","","Randy","Conservative","Conservateur",Y,Y,112
47006,"Prince Albert","Prince Albert"," 15","Shipman",N,N,"",0,284,"MacDougall","","Ken","NDP-New Democratic Party","NPD-Nouveau Parti démocratique",N,N,21
47006,"Prince Albert","Prince Albert"," 15","Shipman",N,N,"",0,284,"McCrea","","Joseph","People's Party - PPC","Parti populaire - PPC",N,N,9
47006,"Prince Albert","Prince Albert"," 15","Shipman",N,N,"",0,284,"Schmitt","","Heather","Maverick Party","Maverick Party",N,N,4
47006,"Prince Albert","Prince Albert"," 16","Choiceland",N,N,"",1,298,"Graham","","Hamish","Green Party","Parti Vert",N,N,2
47006,"Prince Albert","Prince Albert"," 16","Choiceland",N,N,"",1,298,"Hjertaas","","Estelle","Liberal","Libéral",N,N,8
47006,"Prince Albert","Prince Albert"," 16","Choiceland",N,N,"",1,298,"Hoback","","Randy","Conservative","Conservateur",Y,Y,52
47006,"Prince Albert","Prince Albert"," 16","Choiceland",N,N,"",1,298,"MacDougall","","Ken","NDP-New Democratic Party","NPD-Nouveau Parti démocratique",N,N,19
47006,"Prince Albert","Prince Albert"," 16","Choiceland",N,N,"",1,298,"McCrea","","Joseph","People's Party - PPC","Parti populaire - PPC",N,N,6
47006,"Prince Albert","Prince Albert"," 16","Choiceland",N,N,"",1,298,"Schmitt","","Heather","Maverick Party","Maverick Party",N,N,3
47006,"Prince Albert","Prince Albert"," 17","Garrick",N,N,"",0,235,"Graham","","Hamish","Green Party","Parti Vert",N,N,1
47006,"Prince Albert","Prince Albert"," 17","Garrick",N,N,"",0,235,"Hjertaas","","Estelle","Liberal","Libéral",N,N,5
47006,"Prince Albert","Prince Albert"," 17","Garrick",N,N,"",0,235,"Hoback","","Randy","Conservative","Conservateur",Y,Y,78
47006,"Prince Albert","Prince Albert"," 17","Garrick",N,N,"",0,235,"MacDougall","","Ken","NDP-New Democratic Party","NPD-Nouveau Parti démocratique",N,N,15
47006,"Prince Albert","Prince Albert"," 17","Garrick",N,N,"",0,235,"McCrea","","Joseph","People's Party - PPC","Parti populaire - PPC",N,N,9
47006,"Prince Albert","Prince Albert"," 17","Garrick",N,N,"",0,235,"Schmitt","","Heather","Maverick Party","Maverick Party",N,N,1
47006,"Prince Albert","Prince Albert"," 18","Prince Albert",N,N,"",0,663,"Graham","","Hamish","Green Party","Parti Vert",N,N,1
47006,"Prince Albert","Prince Albert"," 18","Prince Albert",N,N,"",0,663,"Hjertaas","","Estelle","Liberal","Libéral",N,N,31
47006,"Prince Albert","Prince Albert"," 18","Prince Albert",N,N,"",0,663,"Hoback","","Randy","Conservative","Conservateur",Y,Y,180
47006,"Prince Albert","Prince Albert"," 18","Prince Albert",N,N,"",0,663,"MacDougall","","Ken","NDP-New Democratic Party","NPD-Nouveau Parti démocratique",N,N,47
47006,"Prince Albert","Prince Albert"," 18","Prince Albert",N,N,"",0,663,"McCrea","","Joseph","People's Party - PPC","Parti populaire - PPC",N,N,24
47006,"Prince Albert","Prince Albert"," 18","Prince Albert",N,N,"",0,663,"Schmitt","","Heather","Maverick Party","Maverick Party",N,N,4
47006,"Prince Albert","Prince Albert"," 19","Buckland",N,N,"",0,587,"Graham","","Hamish","Green Party","Parti Vert",N,N,2
47006,"Prince Albert","Prince Albert"," 19","Buckland",N,N,"",0,587,"Hjertaas","","Estelle","Liberal","Libéral",N,N,33
47006,"Prince Albert","Prince Albert"," 19","Buckland",N,N,"",0,587,"Hoback","","Randy","Conservative","Conservateur",Y,Y,180
47006,"Prince Albert","Prince Albert"," 19","Buckland",N,N,"",0,587,"MacDougall","","Ken","NDP-New Democratic Party","NPD-Nouveau Parti démocratique",N,N,41
47006,"Prince Albert","Prince Albert"," 19","Buckland",N,N,"",0,587,"McCrea","","Joseph","People's Party - PPC","Parti populaire - PPC",N,N,22
47006,"Prince Albert","Prince Albert"," 19","Buckland",N,N,"",0,587,"Schmitt","","Heather","Maverick Party","Maverick Party",N,N,6
47006,"Prince Albert","Prince Albert"," 20","Prince Albert",N,N,"",2,523,"Graham","","Hamish","Green Party","Parti Vert",N,N,3
47006,"Prince Albert","Prince Albert"," 20","Prince Albert",N,N,"",2,523,"Hjertaas","","Estelle","Liberal","Libéral",N,N,33
47006,"Prince Albert","Prince Albert"," 20","Prince Albert",N,N,"",2,523,"Hoback","","Randy","Conservative","Conservateur",Y,Y,64
47006,"Prince Albert","Prince Albert"," 20","Prince Albert",N,N,"",2,523,"MacDougall","","Ken","NDP-New Democratic Party","NPD-Nouveau Parti démocratique",N,N,49
47006,"Prince Albert","Prince Albert"," 20","Prince Albert",N,N,"",2,523,"McCrea","","Joseph","People's Party - PPC","Parti populaire - PPC",N,N,11
47006,"Prince Albert","Prince Albert"," 20","Prince Albert",N,N,"",2,523,"Schmitt","","Heather","Maverick Party","Maverick Party",N,N,1
47006,"Prince Albert","Prince Albert"," 21","Prince Albert",N,N,"",1,465,"Graham","","Hamish","Green Party","Parti Vert",N,N,2
47006,"Prince Albert","Prince Albert"," 21","Prince Albert",N,N,"",1,465,"Hjertaas","","Estelle","Liberal","Libéral",N,N,26
47006,"Prince Albert","Prince Albert"," 21","Prince Albert",N,N,"",1,465,"Hoback","","Randy","Conservative","Conservateur",Y,Y,50
47006,"Prince Albert","Prince Albert"," 21","Prince Albert",N,N,"",1,465,"MacDougall","","Ken","NDP-New Democratic Party","NPD-Nouveau Parti démocratique",N,N,31
47006,"Prince Albert","Prince Albert"," 21","Prince Albert",N,N,"",1,465,"McCrea","","Joseph","People's Party - PPC","Parti populaire - PPC",N,N,6
47006,"Prince Albert","Prince Albert"," 21","Prince Albert",N,N,"",1,465,"Schmitt","","Heather","Maverick Party","Maverick Party",N,N,2
47006,"Prince Albert","Prince Albert"," 22","Prince Albert",N,N,"",0,585,"Graham","","Hamish","Green Party","Parti Vert",N,N,0
47006,"Prince Albert","Prince Albert"," 22","Prince Albert",N,N,"",0,585,"Hjertaas","","Estelle","Liberal","Libéral",N,N,21
47006,"Prince Albert","Prince Albert"," 22","Prince Albert",N,N,"",0,585,"Hoback","","Randy","Conservative","Conservateur",Y,Y,89
47006,"Prince Albert","Prince Albert"," 22","Prince Albert",N,N,"",0,585,"MacDougall","","Ken","NDP-New Democratic Party","NPD-Nouveau Parti démocratique",N,N,44
47006,"Prince Albert","Prince Albert"," 22","Prince Albert",N,N,"",0,585,"McCrea","","Joseph","People's Party - PPC","Parti populaire - PPC",N,N,9
47006,"Prince Albert","Prince Albert"," 22","Prince Albert",N,N,"",0,585,"Schmitt","","Heather","Maverick Party","Maverick Party",N,N,1
47006,"Prince Albert","Prince Albert"," 23","Prince Albert",N,N,"",0,454,"Graham","","Hamish","Green Party","Parti Vert",N,N,2
47006,"Prince Albert","Prince Albert"," 23","Prince Albert",N,N,"",0,454,"Hjertaas","","Estelle","Liberal","Libéral",N,N,25
47006,"Prince Albert","Prince Albert"," 23","Prince Albert",N,N,"",0,454,"Hoback","","Randy","Conservative","Conservateur",Y,Y,97
47006,"Prince Albert","Prince Albert"," 23","Prince Albert",N,N,"",0,454,"MacDougall","","Ken","NDP-New Democratic Party","NPD-Nouveau Parti démocratique",N,N,33
47006,"Prince Albert","Prince Albert"," 23","Prince Albert",N,N,"",0,454,"McCrea","","Joseph","People's Party - PPC","Parti populaire - PPC",N,N,5
47006,"Prince Albert","Prince Albert"," 23","Prince Albert",N,N,"",0,454,"Schmitt","","Heather","Maverick Party","Maverick Party",N,N,2
47006,"Prince Albert","Prince Albert"," 24","Prince Albert",N,N,"",2,221,"Graham","","Hamish","Green Party","Parti Vert",N,N,0
47006,"Prince Albert","Prince Albert"," 24","Prince Albert",N,N,"",2,221,"Hjertaas","","Estelle","Liberal","Libéral",N,N,23
47006,"Prince Albert","Prince Albert"," 24","Prince Albert",N,N,"",2,221,"Hoback","","Randy","Conservative","Conservateur",Y,Y,43
47006,"Prince Albert","Prince Albert"," 24","Prince Albert",N,N,"",2,221,"MacDougall","","Ken","NDP-New Democratic Party","NPD-Nouveau Parti démocratique",N,N,24
47006,"Prince Albert","Prince Albert"," 24","Prince Albert",N,N,"",2,221,"McCrea","","Joseph","People's Party - PPC","Parti populaire - PPC",N,N,2
47006,"Prince Albert","Prince Albert"," 24","Prince Albert",N,N,"",2,221,"Schmitt","","Heather","Maverick Party","Maverick Party",N,N,2
47006,"Prince Albert","Prince Albert"," 25","White Fox",N,N,"",0,302,"Graham","","Hamish","Green Party","Parti Vert",N,N,0
47006,"Prince Albert","Prince Albert"," 25","White Fox",N,N,"",0,302,"Hjertaas","","Estelle","Liberal","Libéral",N,N,5
47006,"Prince Albert","Prince Albert"," 25","White Fox",N,N,"",0,302,"Hoback","","Randy","Conservative","Conservateur",Y,Y,106
47006,"Prince Albert","Prince Albert"," 25","White Fox",N,N,"",0,302,"MacDougall","","Ken","NDP-New Democratic Party","NPD-Nouveau Parti démocratique",N,N,11
47006,"Prince Albert","Prince Albert"," 25","White Fox",N,N,"",0,302,"McCrea","","Joseph","People's Party - PPC","Parti populaire - PPC",N,N,22
47006,"Prince Albert","Prince Albert"," 25","White Fox",N,N,"",0,302,"Schmitt","","Heather","Maverick Party","Maverick Party",N,N,2
47006,"Prince Albert","Prince Albert"," 26","Cherry Ridge",N,N,"",0,277,"Graham","","Hamish","Green Party","Parti Vert",N,N,1
47006,"Prince Albert","Prince Albert"," 26","Cherry Ridge",N,N,"",0,277,"Hjertaas","","Estelle","Liberal","Libéral",N,N,6
47006,"Prince Albert","Prince Albert"," 26","Cherry Ridge",N,N,"",0,277,"Hoback","","Randy","Conservative","Conservateur",Y,Y,105
47006,"Prince Albert","Prince Albert"," 26","Cherry Ridge",N,N,"",0,277,"MacDougall","","Ken","NDP-New Democratic Party","NPD-Nouveau Parti démocratique",N,N,12
47006,"Prince Albert","Prince Albert"," 26","Cherry Ridge",N,N,"",0,277,"McCrea","","Joseph","People's Party - PPC","Parti populaire - PPC",N,N,26
47006,"Prince Albert","Prince Albert"," 26","Cherry Ridge",N,N,"",0,277,"Schmitt","","Heather","Maverick Party","Maverick Party",N,N,2
47006,"Prince Albert","Prince Albert"," 27","Prince Albert",N,N,"",1,454,"Graham","","Hamish","Green Party","Parti Vert",N,N,3
47006,"Prince Albert","Prince Albert"," 27","Prince Albert",N,N,"",1,454,"Hjertaas","","Estelle","Liberal","Libéral",N,N,18
47006,"Prince Albert","Prince Albert"," 27","Prince Albert",N,N,"",1,454,"Hoback","","Randy","Conservative","Conservateur",Y,Y,48
47006,"Prince Albert","Prince Albert"," 27","Prince Albert",N,N,"",1,454,"MacDougall","","Ken","NDP-New Democratic Party","NPD-Nouveau Parti démocratique",N,N,31
47006,"Prince Albert","Prince Albert"," 27","Prince Albert",N,N,"",1,454,"McCrea","","Joseph","People's Party - PPC","Parti populaire - PPC",N,N,10
47006,"Prince Albert","Prince Albert"," 27","Prince Albert",N,N,"",1,454,"Schmitt","","Heather","Maverick Party","Maverick Party",N,N,0
47006,"Prince Albert","Prince Albert"," 28A","Prince Albert",N,N,"",0,301,"Graham","","Hamish","Green Party","Parti Vert",N,N,1
47006,"Prince Albert","Prince Albert"," 28A","Prince Albert",N,N,"",0,301,"Hjertaas","","Estelle","Liberal","Libéral",N,N,14
47006,"Prince Albert","Prince Albert"," 28A","Prince Albert",N,N,"",0,301,"Hoback","","Randy","Conservative","Conservateur",Y,Y,24
47006,"Prince Albert","Prince Albert"," 28A","Prince Albert",N,N,"",0,301,"MacDougall","","Ken","NDP-New Democratic Party","NPD-Nouveau Parti démocratique",N,N,22
47006,"Prince Albert","Prince Albert"," 28A","Prince Albert",N,N,"",0,301,"McCrea","","Joseph","People's Party - PPC","Parti populaire - PPC",N,N,5
47006,"Prince Albert","Prince Albert"," 28A","Prince Albert",N,N,"",0,301,"Schmitt","","Heather","Maverick Party","Maverick Party",N,N,2
47006,"Prince Albert","Prince Albert"," 28B","Mobile poll/Bureau itinérant",N,N,"",0,13,"Graham","","Hamish","Green Party","Parti Vert",N,N,0
47006,"Prince Albert","Prince Albert"," 28B","Mobile poll/Bureau itinérant",N,N,"",0,13,"Hjertaas","","Estelle","Liberal","Libéral",N,N,7
47006,"Prince Albert","Prince Albert"," 28B","Mobile poll/Bureau itinérant",N,N,"",0,13,"Hoback","","Randy","Conservative","Conservateur",Y,Y,4
47006,"Prince Albert","Prince Albert"," 28B","Mobile poll/Bureau itinérant",N,N,"",0,13,"MacDougall","","Ken","NDP-New Democratic Party","NPD-Nouveau Parti démocratique",N,N,0
47006,"Prince Albert","Prince Albert"," 28B","Mobile poll/Bureau itinérant",N,N,"",0,13,"McCrea","","Joseph","People's Party - PPC","Parti populaire - PPC",N,N,0
47006,"Prince Albert","Prince Albert"," 28B","Mobile poll/Bureau itinérant",N,N,"",0,13,"Schmitt","","Heather","Maverick Party","Maverick Party",N,N,0
47006,"Prince Albert","Prince Albert"," 29","Prince Albert",N,N,"",0,406,"Graham","","Hamish","Green Party","Parti Vert",N,N,3
47006,"Prince Albert","Prince Albert"," 29","Prince Albert",N,N,"",0,406,"Hjertaas","","Estelle","Liberal","Libéral",N,N,9
47006,"Prince Albert","Prince Albert"," 29","Prince Albert",N,N,"",0,406,"Hoback","","Randy","Conservative","Conservateur",Y,Y,29
47006,"Prince Albert","Prince Albert"," 29","Prince Albert",N,N,"",0,406,"MacDougall","","Ken","NDP-New Democratic Party","NPD-Nouveau Parti démocratique",N,N,24
47006,"Prince Albert","Prince Albert"," 29","Prince Albert",N,N,"",0,406,"McCrea","","Joseph","People's Party - PPC","Parti populaire - PPC",N,N,5
47006,"Prince Albert","Prince Albert"," 29","Prince Albert",N,N,"",0,406,"Schmitt","","Heather","Maverick Party","Maverick Party",N,N,0
47006,"Prince Albert","Prince Albert"," 30","Prince Albert",N,N,"",3,463,"Graham","","Hamish","Green Party","Parti Vert",N,N,0
47006,"Prince Albert","Prince Albert"," 30","Prince Albert",N,N,"",3,463,"Hjertaas","","Estelle","Liberal","Libéral",N,N,21
47006,"Prince Albert","Prince Albert"," 30","Prince Albert",N,N,"",3,463,"Hoback","","Randy","Conservative","Conservateur",Y,Y,47
47006,"Prince Albert","Prince Albert"," 30","Prince Albert",N,N,"",3,463,"MacDougall","","Ken","NDP-New Democratic Party","NPD-Nouveau Parti démocratique",N,N,36
47006,"Prince Albert","Prince Albert"," 30","Prince Albert",N,N,"",3,463,"McCrea","","Joseph","People's Party - PPC","Parti populaire - PPC",N,N,3
47006,"Prince Albert","Prince Albert"," 30","Prince Albert",N,N,"",3,463,"Schmitt","","Heather","Maverick Party","Maverick Party",N,N,1
47006,"Prince Albert","Prince Albert"," 31","Prince Albert",N,N,"",1,444,"Graham","","Hamish","Green Party","Parti Vert",N,N,2
47006,"Prince Albert","Prince Albert"," 31","Prince Albert",N,N,"",1,444,"Hjertaas","","Estelle","Liberal","Libéral",N,N,24
47006,"Prince Albert","Prince Albert"," 31","Prince Albert",N,N,"",1,444,"Hoback","","Randy","Conservative","Conservateur",Y,Y,90
47006,"Prince Albert","Prince Albert"," 31","Prince Albert",N,N,"",1,444,"MacDougall","","Ken","NDP-New Democratic Party","NPD-Nouveau Parti démocratique",N,N,39
47006,"Prince Albert","Prince Albert"," 31","Prince Albert",N,N,"",1,444,"McCrea","","Joseph","People's Party - PPC","Parti populaire - PPC",N,N,9
47006,"Prince Albert","Prince Albert"," 31","Prince Albert",N,N,"",1,444,"Schmitt","","Heather","Maverick Party","Maverick Party",N,N,2
47006,"Prince Albert","Prince Albert"," 32","Prince Albert",N,N,"",0,437,"Graham","","Hamish","Green Party","Parti Vert",N,N,4
47006,"Prince Albert","Prince Albert"," 32","Prince Albert",N,N,"",0,437,"Hjertaas","","Estelle","Liberal","Libéral",N,N,13
47006,"Prince Albert","Prince Albert"," 32","Prince Albert",N,N,"",0,437,"Hoback","","Randy","Conservative","Conservateur",Y,Y,60
47006,"Prince Albert","Prince Albert"," 32","Prince Albert",N,N,"",0,437,"MacDougall","","Ken","NDP-New Democratic Party","NPD-Nouveau Parti démocratique",N,N,28
47006,"Prince Albert","Prince Albert"," 32","Prince Albert",N,N,"",0,437,"McCrea","","Joseph","People's Party - PPC","Parti populaire - PPC",N,N,3
47006,"Prince Albert","Prince Albert"," 32","Prince Albert",N,N,"",0,437,"Schmitt","","Heather","Maverick Party","Maverick Party",N,N,1
47006,"Prince Albert","Prince Albert"," 33","Prince Albert",N,N,"",1,445,"Graham","","Hamish","Green Party","Parti Vert",N,N,1
47006,"Prince Albert","Prince Albert"," 33","Prince Albert",N,N,"",1,445,"Hjertaas","","Estelle","Liberal","Libéral",N,N,28
47006,"Prince Albert","Prince Albert"," 33","Prince Albert",N,N,"",1,445,"Hoback","","Randy","Conservative","Conservateur",Y,Y,74
47006,"Prince Albert","Prince Albert"," 33","Prince Albert",N,N,"",1,445,"MacDougall","","Ken","NDP-New Democratic Party","NPD-Nouveau Parti démocratique",N,N,32
47006,"Prince Albert","Prince Albert"," 33","Prince Albert",N,N,"",1,445,"McCrea","","Joseph","People's Party - PPC","Parti populaire - PPC",N,N,9
47006,"Prince Albert","Prince Albert"," 33","Prince Albert",N,N,"",1,445,"Schmitt","","Heather","Maverick Party","Maverick Party",N,N,0
47006,"Prince Albert","Prince Albert"," 34","Prince Albert",N,N,"",0,409,"Graham","","Hamish","Green Party","Parti Vert",N,N,1
47006,"Prince Albert","Prince Albert"," 34","Prince Albert",N,N,"",0,409,"Hjertaas","","Estelle","Liberal","Libéral",N,N,19
47006,"Prince Albert","Prince Albert"," 34","Prince Albert",N,N,"",0,409,"Hoback","","Randy","Conservative","Conservateur",Y,Y,26
47006,"Prince Albert","Prince Albert"," 34","Prince Albert",N,N,"",0,409,"MacDougall","","Ken","NDP-New Democratic Party","NPD-Nouveau Parti démocratique",N,N,30
47006,"Prince Albert","Prince Albert"," 34","Prince Albert",N,N,"",0,409,"McCrea","","Joseph","People's Party - PPC","Parti populaire - PPC",N,N,12
47006,"Prince Albert","Prince Albert"," 34","Prince Albert",N,N,"",0,409,"Schmitt","","Heather","Maverick Party","Maverick Party",N,N,0
47006,"Prince Albert","Prince Albert"," 35","Prince Albert",N,N,"",2,413,"Graham","","Hamish","Green Party","Parti Vert",N,N,2
47006,"Prince Albert","Prince Albert"," 35","Prince Albert",N,N,"",2,413,"Hjertaas","","Estelle","Liberal","Libéral",N,N,18
47006,"Prince Albert","Prince Albert"," 35","Prince Albert",N,N,"",2,413,"Hoback","","Randy","Conservative","Conservateur",Y,Y,42
47006,"Prince Albert","Prince Albert"," 35","Prince Albert",N,N,"",2,413,"MacDougall","","Ken","NDP-New Democratic Party","NPD-Nouveau Parti démocratique",N,N,47
47006,"Prince Albert","Prince Albert"," 35","Prince Albert",N,N,"",2,413,"McCrea","","Joseph","People's Party - PPC","Parti populaire - PPC",N,N,4
47006,"Prince Albert","Prince Albert"," 35","Prince Albert",N,N,"",2,413,"Schmitt","","Heather","Maverick Party","Maverick Party",N,N,1
47006,"Prince Albert","Prince Albert"," 36","Prince Albert",N,N,"",1,404,"Graham","","Hamish","Green Party","Parti Vert",N,N,0
47006,"Prince Albert","Prince Albert"," 36","Prince Albert",N,N,"",1,404,"Hjertaas","","Estelle","Liberal","Libéral",N,N,18
47006,"Prince Albert","Prince Albert"," 36","Prince Albert",N,N,"",1,404,"Hoback","","Randy","Conservative","Conservateur",Y,Y,34
47006,"Prince Albert","Prince Albert"," 36","Prince Albert",N,N,"",1,404,"MacDougall","","Ken","NDP-New Democratic Party","NPD-Nouveau Parti démocratique",N,N,21
47006,"Prince Albert","Prince Albert"," 36","Prince Albert",N,N,"",1,404,"McCrea","","Joseph","People's Party - PPC","Parti populaire - PPC",N,N,10
47006,"Prince Albert","Prince Albert"," 36","Prince Albert",N,N,"",1,404,"Schmitt","","Heather","Maverick Party","Maverick Party",N,N,0
47006,"Prince Albert","Prince Albert"," 37","Prince Albert",N,N,"",0,476,"Graham","","Hamish","Green Party","Parti Vert",N,N,5
47006,"Prince Albert","Prince Albert"," 37","Prince Albert",N,N,"",0,476,"Hjertaas","","Estelle","Liberal","Libéral",N,N,25
47006,"Prince Albert","Prince Albert"," 37","Prince Albert",N,N,"",0,476,"Hoback","","Randy","Conservative","Conservateur",Y,Y,44
47006,"Prince Albert","Prince Albert"," 37","Prince Albert",N,N,"",0,476,"MacDougall","","Ken","NDP-New Democratic Party","NPD-Nouveau Parti démocratique",N,N,23
47006,"Prince Albert","Prince Albert"," 37","Prince Albert",N,N,"",0,476,"McCrea","","Joseph","People's Party - PPC","Parti populaire - PPC",N,N,6
47006,"Prince Albert","Prince Albert"," 37","Prince Albert",N,N,"",0,476,"Schmitt","","Heather","Maverick Party","Maverick Party",N,N,0
47006,"Prince Albert","Prince Albert"," 38","Prince Albert",N,N,"",1,404,"Graham","","Hamish","Green Party","Parti Vert",N,N,1
47006,"Prince Albert","Prince Albert"," 38","Prince Albert",N,N,"",1,404,"Hjertaas","","Estelle","Liberal","Libéral",N,N,14
47006,"Prince Albert","Prince Albert"," 38","Prince Albert",N,N,"",1,404,"Hoback","","Randy","Conservative","Conservateur",Y,Y,52
47006,"Prince Albert","Prince Albert"," 38","Prince Albert",N,N,"",1,404,"MacDougall","","Ken","NDP-New Democratic Party","NPD-Nouveau Parti démocratique",N,N,33
47006,"Prince Albert","Prince Albert"," 38","Prince Albert",N,N,"",1,404,"McCrea","","Joseph","People's Party - PPC","Parti populaire - PPC",N,N,7
47006,"Prince Albert","Prince Albert"," 38","Prince Albert",N,N,"",1,404,"Schmitt","","Heather","Maverick Party","Maverick Party",N,N,1
47006,"Prince Albert","Prince Albert"," 39","Prince Albert",N,N,"",1,392,"Graham","","Hamish","Green Party","Parti Vert",N,N,2
47006,"Prince Albert","Prince Albert"," 39","Prince Albert",N,N,"",1,392,"Hjertaas","","Estelle","Liberal","Libéral",N,N,32
47006,"Prince Albert","Prince Albert"," 39","Prince Albert",N,N,"",1,392,"Hoback","","Randy","Conservative","Conservateur",Y,Y,35
47006,"Prince Albert","Prince Albert"," 39","Prince Albert",N,N,"",1,392,"MacDougall","","Ken","NDP-New Democratic Party","NPD-Nouveau Parti démocratique",N,N,39
47006,"Prince Albert","Prince Albert"," 39","Prince Albert",N,N,"",1,392,"McCrea","","Joseph","People's Party - PPC","Parti populaire - PPC",N,N,3
47006,"Prince Albert","Prince Albert"," 39","Prince Albert",N,N,"",1,392,"Schmitt","","Heather","Maverick Party","Maverick Party",N,N,1
47006,"Prince Albert","Prince Albert"," 40","Prince Albert",N,N,"",0,459,"Graham","","Hamish","Green Party","Parti Vert",N,N,2
47006,"Prince Albert","Prince Albert"," 40","Prince Albert",N,N,"",0,459,"Hjertaas","","Estelle","Liberal","Libéral",N,N,25
47006,"Prince Albert","Prince Albert"," 40","Prince Albert",N,N,"",0,459,"Hoback","","Randy","Conservative","Conservateur",Y,Y,32
47006,"Prince Albert","Prince Albert"," 40","Prince Albert",N,N,"",0,459,"MacDougall","","Ken","NDP-New Democratic Party","NPD-Nouveau Parti démocratique",N,N,32
47006,"Prince Albert","Prince Albert"," 40","Prince Albert",N,N,"",0,459,"McCrea","","Joseph","People's Party - PPC","Parti populaire - PPC",N,N,6
47006,"Prince Albert","Prince Albert"," 40","Prince Albert",N,N,"",0,459,"Schmitt","","Heather","Maverick Party","Maverick Party",N,N,0
47006,"Prince Albert","Prince Albert"," 41","Prince Albert",N,N,"",0,481,"Graham","","Hamish","Green Party","Parti Vert",N,N,1
47006,"Prince Albert","Prince Albert"," 41","Prince Albert",N,N,"",0,481,"Hjertaas","","Estelle","Liberal","Libéral",N,N,23
47006,"Prince Albert","Prince Albert"," 41","Prince Albert",N,N,"",0,481,"Hoback","","Randy","Conservative","Conservateur",Y,Y,57
47006,"Prince Albert","Prince Albert"," 41","Prince Albert",N,N,"",0,481,"MacDougall","","Ken","NDP-New Democratic Party","NPD-Nouveau Parti démocratique",N,N,27
47006,"Prince Albert","Prince Albert"," 41","Prince Albert",N,N,"",0,481,"McCrea","","Joseph","People's Party - PPC","Parti populaire - PPC",N,N,17
47006,"Prince Albert","Prince Albert"," 41","Prince Albert",N,N,"",0,481,"Schmitt","","Heather","Maverick Party","Maverick Party",N,N,1
47006,"Prince Albert","Prince Albert"," 42","Prince Albert",N,N,"",0,444,"Graham","","Hamish","Green Party","Parti Vert",N,N,1
47006,"Prince Albert","Prince Albert"," 42","Prince Albert",N,N,"",0,444,"Hjertaas","","Estelle","Liberal","Libéral",N,N,22
47006,"Prince Albert","Prince Albert"," 42","Prince Albert",N,N,"",0,444,"Hoback","","Randy","Conservative","Conservateur",Y,Y,63
47006,"Prince Albert","Prince Albert"," 42","Prince Albert",N,N,"",0,444,"MacDougall","","Ken","NDP-New Democratic Party","NPD-Nouveau Parti démocratique",N,N,38
47006,"Prince Albert","Prince Albert"," 42","Prince Albert",N,N,"",0,444,"McCrea","","Joseph","People's Party - PPC","Parti populaire - PPC",N,N,13
47006,"Prince Albert","Prince Albert"," 42","Prince Albert",N,N,"",0,444,"Schmitt","","Heather","Maverick Party","Maverick Party",N,N,3
47006,"Prince Albert","Prince Albert"," 43","Prince Albert",N,N,"",0,476,"Graham","","Hamish","Green Party","Parti Vert",N,N,3
47006,"Prince Albert","Prince Albert"," 43","Prince Albert",N,N,"",0,476,"Hjertaas","","Estelle","Liberal","Libéral",N,N,24
47006,"Prince Albert","Prince Albert"," 43","Prince Albert",N,N,"",0,476,"Hoback","","Randy","Conservative","Conservateur",Y,Y,55
47006,"Prince Albert","Prince Albert"," 43","Prince Albert",N,N,"",0,476,"MacDougall","","Ken","NDP-New Democratic Party","NPD-Nouveau Parti démocratique",N,N,25
47006,"Prince Albert","Prince Albert"," 43","Prince Albert",N,N,"",0,476,"McCrea","","Joseph","People's Party - PPC","Parti populaire - PPC",N,N,9
47006,"Prince Albert","Prince Albert"," 43","Prince Albert",N,N,"",0,476,"Schmitt","","Heather","Maverick Party","Maverick Party",N,N,2
47006,"Prince Albert","Prince Albert"," 44","Prince Albert",N,N,"",0,479,"Graham","","Hamish","Green Party","Parti Vert",N,N,0
47006,"Prince Albert","Prince Albert"," 44","Prince Albert",N,N,"",0,479,"Hjertaas","","Estelle","Liberal","Libéral",N,N,15
47006,"Prince Albert","Prince Albert"," 44","Prince Albert",N,N,"",0,479,"Hoback","","Randy","Conservative","Conservateur",Y,Y,85
47006,"Prince Albert","Prince Albert"," 44","Prince Albert",N,N,"",0,479,"MacDougall","","Ken","NDP-New Democratic Party","NPD-Nouveau Parti démocratique",N,N,37
47006,"Prince Albert","Prince Albert"," 44","Prince Albert",N,N,"",0,479,"McCrea","","Joseph","People's Party - PPC","Parti populaire - PPC",N,N,5
47006,"Prince Albert","Prince Albert"," 44","Prince Albert",N,N,"",0,479,"Schmitt","","Heather","Maverick Party","Maverick Party",N,N,0
47006,"Prince Albert","Prince Albert"," 45","Prince Albert",N,N,"",0,486,"Graham","","Hamish","Green Party","Parti Vert",N,N,1
47006,"Prince Albert","Prince Albert"," 45","Prince Albert",N,N,"",0,486,"Hjertaas","","Estelle","Liberal","Libéral",N,N,18
47006,"Prince Albert","Prince Albert"," 45","Prince Albert",N,N,"",0,486,"Hoback","","Randy","Conservative","Conservateur",Y,Y,84
47006,"Prince Albert","Prince Albert"," 45","Prince Albert",N,N,"",0,486,"MacDougall","","Ken","NDP-New Democratic Party","NPD-Nouveau Parti démocratique",N,N,35
47006,"Prince Albert","Prince Albert"," 45","Prince Albert",N,N,"",0,486,"McCrea","","Joseph","People's Party - PPC","Parti populaire - PPC",N,N,13
47006,"Prince Albert","Prince Albert"," 45","Prince Albert",N,N,"",0,486,"Schmitt","","Heather","Maverick Party","Maverick Party",N,N,0
47006,"Prince Albert","Prince Albert"," 46","Prince Albert",N,N,"",0,480,"Graham","","Hamish","Green Party","Parti Vert",N,N,0
47006,"Prince Albert","Prince Albert"," 46","Prince Albert",N,N,"",0,480,"Hjertaas","","Estelle","Liberal","Libéral",N,N,14
47006,"Prince Albert","Prince Albert"," 46","Prince Albert",N,N,"",0,480,"Hoback","","Randy","Conservative","Conservateur",Y,Y,49
47006,"Prince Albert","Prince Albert"," 46","Prince Albert",N,N,"",0,480,"MacDougall","","Ken","NDP-New Democratic Party","NPD-Nouveau Parti démocratique",N,N,29
47006,"Prince Albert","Prince Albert"," 46","Prince Albert",N,N,"",0,480,"McCrea","","Joseph","People's Party - PPC","Parti populaire - PPC",N,N,6
47006,"Prince Albert","Prince Albert"," 46","Prince Albert",N,N,"",0,480,"Schmitt","","Heather","Maverick Party","Maverick Party",N,N,1
47006,"Prince Albert","Prince Albert"," 47","Prince Albert",N,N,"",0,405,"Graham","","Hamish","Green Party","Parti Vert",N,N,1
47006,"Prince Albert","Prince Albert"," 47","Prince Albert",N,N,"",0,405,"Hjertaas","","Estelle","Liberal","Libéral",N,N,32
47006,"Prince Albert","Prince Albert"," 47","Prince Albert",N,N,"",0,405,"Hoback","","Randy","Conservative","Conservateur",Y,Y,84
47006,"Prince Albert","Prince Albert"," 47","Prince Albert",N,N,"",0,405,"MacDougall","","Ken","NDP-New Democratic Party","NPD-Nouveau Parti démocratique",N,N,23
47006,"Prince Albert","Prince Albert"," 47","Prince Albert",N,N,"",0,405,"McCrea","","Joseph","People's Party - PPC","Parti populaire - PPC",N,N,5
47006,"Prince Albert","Prince Albert"," 47","Prince Albert",N,N,"",0,405,"Schmitt","","Heather","Maverick Party","Maverick Party",N,N,0
47006,"Prince Albert","Prince Albert"," 48A","Prince Albert",N,N,"",0,400,"Graham","","Hamish","Green Party","Parti Vert",N,N,1
47006,"Prince Albert","Prince Albert"," 48A","Prince Albert",N,N,"",0,400,"Hjertaas","","Estelle","Liberal","Libéral",N,N,23
47006,"Prince Albert","Prince Albert"," 48A","Prince Albert",N,N,"",0,400,"Hoback","","Randy","Conservative","Conservateur",Y,Y,69
47006,"Prince Albert","Prince Albert"," 48A","Prince Albert",N,N,"",0,400,"MacDougall","","Ken","NDP-New Democratic Party","NPD-Nouveau Parti démocratique",N,N,32
47006,"Prince Albert","Prince Albert"," 48A","Prince Albert",N,N,"",0,400,"McCrea","","Joseph","People's Party - PPC","Parti populaire - PPC",N,N,5
47006,"Prince Albert","Prince Albert"," 48A","Prince Albert",N,N,"",0,400,"Schmitt","","Heather","Maverick Party","Maverick Party",N,N,1
47006,"Prince Albert","Prince Albert"," 48B","Mobile poll/Bureau itinérant",N,N,"",0,15,"Graham","","Hamish","Green Party","Parti Vert",N,N,1
47006,"Prince Albert","Prince Albert"," 48B","Mobile poll/Bureau itinérant",N,N,"",0,15,"Hjertaas","","Estelle","Liberal","Libéral",N,N,2
47006,"Prince Albert","Prince Albert"," 48B","Mobile poll/Bureau itinérant",N,N,"",0,15,"Hoback","","Randy","Conservative","Conservateur",Y,Y,2
47006,"Prince Albert","Prince Albert"," 48B","Mobile poll/Bureau itinérant",N,N,"",0,15,"MacDougall","","Ken","NDP-New Democratic Party","NPD-Nouveau Parti démocratique",N,N,3
47006,"Prince Albert","Prince Albert"," 48B","Mobile poll/Bureau itinérant",N,N,"",0,15,"McCrea","","Joseph","People's Party - PPC","Parti populaire - PPC",N,N,0
47006,"Prince Albert","Prince Albert"," 48B","Mobile poll/Bureau itinérant",N,N,"",0,15,"Schmitt","","Heather","Maverick Party","Maverick Party",N,N,0
47006,"Prince Albert","Prince Albert"," 49","Prince Albert",N,N,"",0,463,"Graham","","Hamish","Green Party","Parti Vert",N,N,0
47006,"Prince Albert","Prince Albert"," 49","Prince Albert",N,N,"",0,463,"Hjertaas","","Estelle","Liberal","Libéral",N,N,23
47006,"Prince Albert","Prince Albert"," 49","Prince Albert",N,N,"",0,463,"Hoback","","Randy","Conservative","Conservateur",Y,Y,76
47006,"Prince Albert","Prince Albert"," 49","Prince Albert",N,N,"",0,463,"MacDougall","","Ken","NDP-New Democratic Party","NPD-Nouveau Parti démocratique",N,N,30
47006,"Prince Albert","Prince Albert"," 49","Prince Albert",N,N,"",0,463,"McCrea","","Joseph","People's Party - PPC","Parti populaire - PPC",N,N,10
47006,"Prince Albert","Prince Albert"," 49","Prince Albert",N,N,"",0,463,"Schmitt","","Heather","Maverick Party","Maverick Party",N,N,2
47006,"Prince Albert","Prince Albert"," 50","Prince Albert",N,N,"",1,391,"Graham","","Hamish","Green Party","Parti Vert",N,N,6
47006,"Prince Albert","Prince Albert"," 50","Prince Albert",N,N,"",1,391,"Hjertaas","","Estelle","Liberal","Libéral",N,N,52
47006,"Prince Albert","Prince Albert"," 50","Prince Albert",N,N,"",1,391,"Hoback","","Randy","Conservative","Conservateur",Y,Y,133
47006,"Prince Albert","Prince Albert"," 50","Prince Albert",N,N,"",1,391,"MacDougall","","Ken","NDP-New Democratic Party","NPD-Nouveau Parti démocratique",N,N,88
47006,"Prince Albert","Prince Albert"," 50","Prince Albert",N,N,"",1,391,"McCrea","","Joseph","People's Party - PPC","Parti populaire - PPC",N,N,12
47006,"Prince Albert","Prince Albert"," 50","Prince Albert",N,N,"",1,391,"Schmitt","","Heather","Maverick Party","Maverick Party",N,N,1
47006,"Prince Albert","Prince Albert"," 51","Prince Albert",N,N,"50",0,408,"Graham","","Hamish","Green Party","Parti Vert",N,N,0
47006,"Prince Albert","Prince Albert"," 51","Prince Albert",N,N,"50",0,408,"Hjertaas","","Estelle","Liberal","Libéral",N,N,0
47006,"Prince Albert","Prince Albert"," 51","Prince Albert",N,N,"50",0,408,"Hoback","","Randy","Conservative","Conservateur",Y,Y,0
47006,"Prince Albert","Prince Albert"," 51","Prince Albert",N,N,"50",0,408,"MacDougall","","Ken","NDP-New Democratic Party","NPD-Nouveau Parti démocratique",N,N,0
47006,"Prince Albert","Prince Albert"," 51","Prince Albert",N,N,"50",0,408,"McCrea","","Joseph","People's Party - PPC","Parti populaire - PPC",N,N,0
47006,"Prince Albert","Prince Albert"," 51","Prince Albert",N,N,"50",0,408,"Schmitt","","Heather","Maverick Party","Maverick Party",N,N,0
47006,"Prince Albert","Prince Albert"," 52","Prince Albert",N,N,"",0,466,"Graham","","Hamish","Green Party","Parti Vert",N,N,1
47006,"Prince Albert","Prince Albert"," 52","Prince Albert",N,N,"",0,466,"Hjertaas","","Estelle","Liberal","Libéral",N,N,25
47006,"Prince Albert","Prince Albert"," 52","Prince Albert",N,N,"",0,466,"Hoback","","Randy","Conservative","Conservateur",Y,Y,52
47006,"Prince Albert","Prince Albert"," 52","Prince Albert",N,N,"",0,466,"MacDougall","","Ken","NDP-New Democratic Party","NPD-Nouveau Parti démocratique",N,N,32
47006,"Prince Albert","Prince Albert"," 52","Prince Albert",N,N,"",0,466,"McCrea","","Joseph","People's Party - PPC","Parti populaire - PPC",N,N,3
47006,"Prince Albert","Prince Albert"," 52","Prince Albert",N,N,"",0,466,"Schmitt","","Heather","Maverick Party","Maverick Party",N,N,0
47006,"Prince Albert","Prince Albert"," 53","Prince Albert",N,N,"",0,461,"Graham","","Hamish","Green Party","Parti Vert",N,N,0
47006,"Prince Albert","Prince Albert"," 53","Prince Albert",N,N,"",0,461,"Hjertaas","","Estelle","Liberal","Libéral",N,N,27
47006,"Prince Albert","Prince Albert"," 53","Prince Albert",N,N,"",0,461,"Hoback","","Randy","Conservative","Conservateur",Y,Y,79
47006,"Prince Albert","Prince Albert"," 53","Prince Albert",N,N,"",0,461,"MacDougall","","Ken","NDP-New Democratic Party","NPD-Nouveau Parti démocratique",N,N,36
47006,"Prince Albert","Prince Albert"," 53","Prince Albert",N,N,"",0,461,"McCrea","","Joseph","People's Party - PPC","Parti populaire - PPC",N,N,8
47006,"Prince Albert","Prince Albert"," 53","Prince Albert",N,N,"",0,461,"Schmitt","","Heather","Maverick Party","Maverick Party",N,N,3
47006,"Prince Albert","Prince Albert"," 54","Prince Albert",N,N,"",0,390,"Graham","","Hamish","Green Party","Parti Vert",N,N,1
47006,"Prince Albert","Prince Albert"," 54","Prince Albert",N,N,"",0,390,"Hjertaas","","Estelle","Liberal","Libéral",N,N,13
47006,"Prince Albert","Prince Albert"," 54","Prince Albert",N,N,"",0,390,"Hoback","","Randy","Conservative","Conservateur",Y,Y,70
47006,"Prince Albert","Prince Albert"," 54","Prince Albert",N,N,"",0,390,"MacDougall","","Ken","NDP-New Democratic Party","NPD-Nouveau Parti démocratique",N,N,26
47006,"Prince Albert","Prince Albert"," 54","Prince Albert",N,N,"",0,390,"McCrea","","Joseph","People's Party - PPC","Parti populaire - PPC",N,N,6
47006,"Prince Albert","Prince Albert"," 54","Prince Albert",N,N,"",0,390,"Schmitt","","Heather","Maverick Party","Maverick Party",N,N,0
47006,"Prince Albert","Prince Albert"," 55","Prince Albert",N,N,"",2,564,"Graham","","Hamish","Green Party","Parti Vert",N,N,4
47006,"Prince Albert","Prince Albert"," 55","Prince Albert",N,N,"",2,564,"Hjertaas","","Estelle","Liberal","Libéral",N,N,37
47006,"Prince Albert","Prince Albert"," 55","Prince Albert",N,N,"",2,564,"Hoback","","Randy","Conservative","Conservateur",Y,Y,98
47006,"Prince Albert","Prince Albert"," 55","Prince Albert",N,N,"",2,564,"MacDougall","","Ken","NDP-New Democratic Party","NPD-Nouveau Parti démocratique",N,N,40
47006,"Prince Albert","Prince Albert"," 55","Prince Albert",N,N,"",2,564,"McCrea","","Joseph","People's Party - PPC","Parti populaire - PPC",N,N,7
47006,"Prince Albert","Prince Albert"," 55","Prince Albert",N,N,"",2,564,"Schmitt","","Heather","Maverick Party","Maverick Party",N,N,1
47006,"Prince Albert","Prince Albert"," 56","Prince Albert",N,N,"",0,398,"Graham","","Hamish","Green Party","Parti Vert",N,N,0
47006,"Prince Albert","Prince Albert"," 56","Prince Albert",N,N,"",0,398,"Hjertaas","","Estelle","Liberal","Libéral",N,N,17
47006,"Prince Albert","Prince Albert"," 56","Prince Albert",N,N,"",0,398,"Hoback","","Randy","Conservative","Conservateur",Y,Y,80
47006,"Prince Albert","Prince Albert"," 56","Prince Albert",N,N,"",0,398,"MacDougall","","Ken","NDP-New Democratic Party","NPD-Nouveau Parti démocratique",N,N,20
47006,"Prince Albert","Prince Albert"," 56","Prince Albert",N,N,"",0,398,"McCrea","","Joseph","People's Party - PPC","Parti populaire - PPC",N,N,8
47006,"Prince Albert","Prince Albert"," 56","Prince Albert",N,N,"",0,398,"Schmitt","","Heather","Maverick Party","Maverick Party",N,N,2
47006,"Prince Albert","Prince Albert"," 57","Prince Albert",N,N,"",0,389,"Graham","","Hamish","Green Party","Parti Vert",N,N,3
47006,"Prince Albert","Prince Albert"," 57","Prince Albert",N,N,"",0,389,"Hjertaas","","Estelle","Liberal","Libéral",N,N,22
47006,"Prince Albert","Prince Albert"," 57","Prince Albert",N,N,"",0,389,"Hoback","","Randy","Conservative","Conservateur",Y,Y,58
47006,"Prince Albert","Prince Albert"," 57","Prince Albert",N,N,"",0,389,"MacDougall","","Ken","NDP-New Democratic Party","NPD-Nouveau Parti démocratique",N,N,27
47006,"Prince Albert","Prince Albert"," 57","Prince Albert",N,N,"",0,389,"McCrea","","Joseph","People's Party - PPC","Parti populaire - PPC",N,N,4
47006,"Prince Albert","Prince Albert"," 57","Prince Albert",N,N,"",0,389,"Schmitt","","Heather","Maverick Party","Maverick Party",N,N,2
47006,"Prince Albert","Prince Albert"," 58","Prince Albert",N,N,"",0,367,"Graham","","Hamish","Green Party","Parti Vert",N,N,4
47006,"Prince Albert","Prince Albert"," 58","Prince Albert",N,N,"",0,367,"Hjertaas","","Estelle","Liberal","Libéral",N,N,18
47006,"Prince Albert","Prince Albert"," 58","Prince Albert",N,N,"",0,367,"Hoback","","Randy","Conservative","Conservateur",Y,Y,73
47006,"Prince Albert","Prince Albert"," 58","Prince Albert",N,N,"",0,367,"MacDougall","","Ken","NDP-New Democratic Party","NPD-Nouveau Parti démocratique",N,N,34
47006,"Prince Albert","Prince Albert"," 58","Prince Albert",N,N,"",0,367,"McCrea","","Joseph","People's Party - PPC","Parti populaire - PPC",N,N,9
47006,"Prince Albert","Prince Albert"," 58","Prince Albert",N,N,"",0,367,"Schmitt","","Heather","Maverick Party","Maverick Party",N,N,1
47006,"Prince Albert","Prince Albert"," 59","Prince Albert",N,N,"",0,369,"Graham","","Hamish","Green Party","Parti Vert",N,N,3
47006,"Prince Albert","Prince Albert"," 59","Prince Albert",N,N,"",0,369,"Hjertaas","","Estelle","Liberal","Libéral",N,N,11
47006,"Prince Albert","Prince Albert"," 59","Prince Albert",N,N,"",0,369,"Hoback","","Randy","Conservative","Conservateur",Y,Y,53
47006,"Prince Albert","Prince Albert"," 59","Prince Albert",N,N,"",0,369,"MacDougall","","Ken","NDP-New Democratic Party","NPD-Nouveau Parti démocratique",N,N,20
47006,"Prince Albert","Prince Albert"," 59","Prince Albert",N,N,"",0,369,"McCrea","","Joseph","People's Party - PPC","Parti populaire - PPC",N,N,7
47006,"Prince Albert","Prince Albert"," 59","Prince Albert",N,N,"",0,369,"Schmitt","","Heather","Maverick Party","Maverick Party",N,N,0
47006,"Prince Albert","Prince Albert"," 60","Prince Albert",N,N,"",0,448,"Graham","","Hamish","Green Party","Parti Vert",N,N,3
47006,"Prince Albert","Prince Albert"," 60","Prince Albert",N,N,"",0,448,"Hjertaas","","Estelle","Liberal","Libéral",N,N,28
47006,"Prince Albert","Prince Albert"," 60","Prince Albert",N,N,"",0,448,"Hoback","","Randy","Conservative","Conservateur",Y,Y,67
47006,"Prince Albert","Prince Albert"," 60","Prince Albert",N,N,"",0,448,"MacDougall","","Ken","NDP-New Democratic Party","NPD-Nouveau Parti démocratique",N,N,30
47006,"Prince Albert","Prince Albert"," 60","Prince Albert",N,N,"",0,448,"McCrea","","Joseph","People's Party - PPC","Parti populaire - PPC",N,N,7
47006,"Prince Albert","Prince Albert"," 60","Prince Albert",N,N,"",0,448,"Schmitt","","Heather","Maverick Party","Maverick Party",N,N,0
47006,"Prince Albert","Prince Albert"," 61","Prince Albert",N,N,"",0,562,"Graham","","Hamish","Green Party","Parti Vert",N,N,1
47006,"Prince Albert","Prince Albert"," 61","Prince Albert",N,N,"",0,562,"Hjertaas","","Estelle","Liberal","Libéral",N,N,27
47006,"Prince Albert","Prince Albert"," 61","Prince Albert",N,N,"",0,562,"Hoback","","Randy","Conservative","Conservateur",Y,Y,135
47006,"Prince Albert","Prince Albert"," 61","Prince Albert",N,N,"",0,562,"MacDougall","","Ken","NDP-New Democratic Party","NPD-Nouveau Parti démocratique",N,N,22
47006,"Prince Albert","Prince Albert"," 61","Prince Albert",N,N,"",0,562,"McCrea","","Joseph","People's Party - PPC","Parti populaire - PPC",N,N,8
47006,"Prince Albert","Prince Albert"," 61","Prince Albert",N,N,"",0,562,"Schmitt","","Heather","Maverick Party","Maverick Party",N,N,0
47006,"Prince Albert","Prince Albert"," 62","Prince Albert",N,N,"",0,411,"Graham","","Hamish","Green Party","Parti Vert",N,N,3
47006,"Prince Albert","Prince Albert"," 62","Prince Albert",N,N,"",0,411,"Hjertaas","","Estelle","Liberal","Libéral",N,N,19
47006,"Prince Albert","Prince Albert"," 62","Prince Albert",N,N,"",0,411,"Hoback","","Randy","Conservative","Conservateur",Y,Y,148
47006,"Prince Albert","Prince Albert"," 62","Prince Albert",N,N,"",0,411,"MacDougall","","Ken","NDP-New Democratic Party","NPD-Nouveau Parti démocratique",N,N,26
47006,"Prince Albert","Prince Albert"," 62","Prince Albert",N,N,"",0,411,"McCrea","","Joseph","People's Party - PPC","Parti populaire - PPC",N,N,10
47006,"Prince Albert","Prince Albert"," 62","Prince Albert",N,N,"",0,411,"Schmitt","","Heather","Maverick Party","Maverick Party",N,N,1
47006,"Prince Albert","Prince Albert"," 63","Prince Albert",N,N,"",0,498,"Graham","","Hamish","Green Party","Parti Vert",N,N,0
47006,"Prince Albert","Prince Albert"," 63","Prince Albert",N,N,"",0,498,"Hjertaas","","Estelle","Liberal","Libéral",N,N,38
47006,"Prince Albert","Prince Albert"," 63","Prince Albert",N,N,"",0,498,"Hoback","","Randy","Conservative","Conservateur",Y,Y,123
47006,"Prince Albert","Prince Albert"," 63","Prince Albert",N,N,"",0,498,"MacDougall","","Ken","NDP-New Democratic Party","NPD-Nouveau Parti démocratique",N,N,56
47006,"Prince Albert","Prince Albert"," 63","Prince Albert",N,N,"",0,498,"McCrea","","Joseph","People's Party - PPC","Parti populaire - PPC",N,N,13
47006,"Prince Albert","Prince Albert"," 63","Prince Albert",N,N,"",0,498,"Schmitt","","Heather","Maverick Party","Maverick Party",N,N,1
47006,"Prince Albert","Prince Albert"," 64","Nipawin",N,N,"",0,469,"Graham","","Hamish","Green Party","Parti Vert",N,N,2
47006,"Prince Albert","Prince Albert"," 64","Nipawin",N,N,"",0,469,"Hjertaas","","Estelle","Liberal","Libéral",N,N,5
47006,"Prince Albert","Prince Albert"," 64","Nipawin",N,N,"",0,469,"Hoback","","Randy","Conservative","Conservateur",Y,Y,111
47006,"Prince Albert","Prince Albert"," 64","Nipawin",N,N,"",0,469,"MacDougall","","Ken","NDP-New Democratic Party","NPD-Nouveau Parti démocratique",N,N,12
47006,"Prince Albert","Prince Albert"," 64","Nipawin",N,N,"",0,469,"McCrea","","Joseph","People's Party - PPC","Parti populaire - PPC",N,N,34
47006,"Prince Albert","Prince Albert"," 64","Nipawin",N,N,"",0,469,"Schmitt","","Heather","Maverick Party","Maverick Party",N,N,3
47006,"Prince Albert","Prince Albert"," 65","Nipawin",N,N,"",2,368,"Graham","","Hamish","Green Party","Parti Vert",N,N,0
47006,"Prince Albert","Prince Albert"," 65","Nipawin",N,N,"",2,368,"Hjertaas","","Estelle","Liberal","Libéral",N,N,8
47006,"Prince Albert","Prince Albert"," 65","Nipawin",N,N,"",2,368,"Hoback","","Randy","Conservative","Conservateur",Y,Y,66
47006,"Prince Albert","Prince Albert"," 65","Nipawin",N,N,"",2,368,"MacDougall","","Ken","NDP-New Democratic Party","NPD-Nouveau Parti démocratique",N,N,9
47006,"Prince Albert","Prince Albert"," 65","Nipawin",N,N,"",2,368,"McCrea","","Joseph","People's Party - PPC","Parti populaire - PPC",N,N,13
47006,"Prince Albert","Prince Albert"," 65","Nipawin",N,N,"",2,368,"Schmitt","","Heather","Maverick Party","Maverick Party",N,N,1
47006,"Prince Albert","Prince Albert"," 66","Nipawin",N,N,"",0,449,"Graham","","Hamish","Green Party","Parti Vert",N,N,2
47006,"Prince Albert","Prince Albert"," 66","Nipawin",N,N,"",0,449,"Hjertaas","","Estelle","Liberal","Libéral",N,N,6
47006,"Prince Albert","Prince Albert"," 66","Nipawin",N,N,"",0,449,"Hoback","","Randy","Conservative","Conservateur",Y,Y,74
47006,"Prince Albert","Prince Albert"," 66","Nipawin",N,N,"",0,449,"MacDougall","","Ken","NDP-New Democratic Party","NPD-Nouveau Parti démocratique",N,N,9
47006,"Prince Albert","Prince Albert"," 66","Nipawin",N,N,"",0,449,"McCrea","","Joseph","People's Party - PPC","Parti populaire - PPC",N,N,23
47006,"Prince Albert","Prince Albert"," 66","Nipawin",N,N,"",0,449,"Schmitt","","Heather","Maverick Party","Maverick Party",N,N,1
47006,"Prince Albert","Prince Albert"," 67","Nipawin",N,N,"",0,207,"Graham","","Hamish","Green Party","Parti Vert",N,N,0
47006,"Prince Albert","Prince Albert"," 67","Nipawin",N,N,"",0,207,"Hjertaas","","Estelle","Liberal","Libéral",N,N,2
47006,"Prince Albert","Prince Albert"," 67","Nipawin",N,N,"",0,207,"Hoback","","Randy","Conservative","Conservateur",Y,Y,31
47006,"Prince Albert","Prince Albert"," 67","Nipawin",N,N,"",0,207,"MacDougall","","Ken","NDP-New Democratic Party","NPD-Nouveau Parti démocratique",N,N,8
47006,"Prince Albert","Prince Albert"," 67","Nipawin",N,N,"",0,207,"McCrea","","Joseph","People's Party - PPC","Parti populaire - PPC",N,N,9
47006,"Prince Albert","Prince Albert"," 67","Nipawin",N,N,"",0,207,"Schmitt","","Heather","Maverick Party","Maverick Party",N,N,0
47006,"Prince Albert","Prince Albert"," 68","Nipawin",N,N,"",1,447,"Graham","","Hamish","Green Party","Parti Vert",N,N,1
47006,"Prince Albert","Prince Albert"," 68","Nipawin",N,N,"",1,447,"Hjertaas","","Estelle","Liberal","Libéral",N,N,13
47006,"Prince Albert","Prince Albert"," 68","Nipawin",N,N,"",1,447,"Hoback","","Randy","Conservative","Conservateur",Y,Y,117
47006,"Prince Albert","Prince Albert"," 68","Nipawin",N,N,"",1,447,"MacDougall","","Ken","NDP-New Democratic Party","NPD-Nouveau Parti démocratique",N,N,26
47006,"Prince Albert","Prince Albert"," 68","Nipawin",N,N,"",1,447,"McCrea","","Joseph","People's Party - PPC","Parti populaire - PPC",N,N,14
47006,"Prince Albert","Prince Albert"," 68","Nipawin",N,N,"",1,447,"Schmitt","","Heather","Maverick Party","Maverick Party",N,N,0
47006,"Prince Albert","Prince Albert"," 69","Nipawin",N,N,"",0,278,"Graham","","Hamish","Green Party","Parti Vert",N,N,1
47006,"Prince Albert","Prince Albert"," 69","Nipawin",N,N,"",0,278,"Hjertaas","","Estelle","Liberal","Libéral",N,N,8
47006,"Prince Albert","Prince Albert"," 69","Nipawin",N,N,"",0,278,"Hoback","","Randy","Conservative","Conservateur",Y,Y,71
47006,"Prince Albert","Prince Albert"," 69","Nipawin",N,N,"",0,278,"MacDougall","","Ken","NDP-New Democratic Party","NPD-Nouveau Parti démocratique",N,N,4
47006,"Prince Albert","Prince Albert"," 69","Nipawin",N,N,"",0,278,"McCrea","","Joseph","People's Party - PPC","Parti populaire - PPC",N,N,18
47006,"Prince Albert","Prince Albert"," 69","Nipawin",N,N,"",0,278,"Schmitt","","Heather","Maverick Party","Maverick Party",N,N,0
47006,"Prince Albert","Prince Albert"," 70","Nipawin",N,N,"",0,453,"Graham","","Hamish","Green Party","Parti Vert",N,N,5
47006,"Prince Albert","Prince Albert"," 70","Nipawin",N,N,"",0,453,"Hjertaas","","Estelle","Liberal","Libéral",N,N,18
47006,"Prince Albert","Prince Albert"," 70","Nipawin",N,N,"",0,453,"Hoback","","Randy","Conservative","Conservateur",Y,Y,98
47006,"Prince Albert","Prince Albert"," 70","Nipawin",N,N,"",0,453,"MacDougall","","Ken","NDP-New Democratic Party","NPD-Nouveau Parti démocratique",N,N,19
47006,"Prince Albert","Prince Albert"," 70","Nipawin",N,N,"",0,453,"McCrea","","Joseph","People's Party - PPC","Parti populaire - PPC",N,N,23
47006,"Prince Albert","Prince Albert"," 70","Nipawin",N,N,"",0,453,"Schmitt","","Heather","Maverick Party","Maverick Party",N,N,0
47006,"Prince Albert","Prince Albert"," 71","Nipawin",N,N,"",0,214,"Graham","","Hamish","Green Party","Parti Vert",N,N,0
47006,"Prince Albert","Prince Albert"," 71","Nipawin",N,N,"",0,214,"Hjertaas","","Estelle","Liberal","Libéral",N,N,4
47006,"Prince Albert","Prince Albert"," 71","Nipawin",N,N,"",0,214,"Hoback","","Randy","Conservative","Conservateur",Y,Y,40
47006,"Prince Albert","Prince Albert"," 71","Nipawin",N,N,"",0,214,"MacDougall","","Ken","NDP-New Democratic Party","NPD-Nouveau Parti démocratique",N,N,9
47006,"Prince Albert","Prince Albert"," 71","Nipawin",N,N,"",0,214,"McCrea","","Joseph","People's Party - PPC","Parti populaire - PPC",N,N,10
47006,"Prince Albert","Prince Albert"," 71","Nipawin",N,N,"",0,214,"Schmitt","","Heather","Maverick Party","Maverick Party",N,N,0
47006,"Prince Albert","Prince Albert"," 72","Nipawin",N,N,"",1,363,"Graham","","Hamish","Green Party","Parti Vert",N,N,1
47006,"Prince Albert","Prince Albert"," 72","Nipawin",N,N,"",1,363,"Hjertaas","","Estelle","Liberal","Libéral",N,N,11
47006,"Prince Albert","Prince Albert"," 72","Nipawin",N,N,"",1,363,"Hoback","","Randy","Conservative","Conservateur",Y,Y,103
47006,"Prince Albert","Prince Albert"," 72","Nipawin",N,N,"",1,363,"MacDougall","","Ken","NDP-New Democratic Party","NPD-Nouveau Parti démocratique",N,N,14
47006,"Prince Albert","Prince Albert"," 72","Nipawin",N,N,"",1,363,"McCrea","","Joseph","People's Party - PPC","Parti populaire - PPC",N,N,16
47006,"Prince Albert","Prince Albert"," 72","Nipawin",N,N,"",1,363,"Schmitt","","Heather","Maverick Party","Maverick Party",N,N,1
47006,"Prince Albert","Prince Albert"," 73","Nipawin",N,N,"",0,217,"Graham","","Hamish","Green Party","Parti Vert",N,N,0
47006,"Prince Albert","Prince Albert"," 73","Nipawin",N,N,"",0,217,"Hjertaas","","Estelle","Liberal","Libéral",N,N,3
47006,"Prince Albert","Prince Albert"," 73","Nipawin",N,N,"",0,217,"Hoback","","Randy","Conservative","Conservateur",Y,Y,52
47006,"Prince Albert","Prince Albert"," 73","Nipawin",N,N,"",0,217,"MacDougall","","Ken","NDP-New Democratic Party","NPD-Nouveau Parti démocratique",N,N,7
47006,"Prince Albert","Prince Albert"," 73","Nipawin",N,N,"",0,217,"McCrea","","Joseph","People's Party - PPC","Parti populaire - PPC",N,N,16
47006,"Prince Albert","Prince Albert"," 73","Nipawin",N,N,"",0,217,"Schmitt","","Heather","Maverick Party","Maverick Party",N,N,0
47006,"Prince Albert","Prince Albert"," 74","Prince Albert",N,N,"",1,545,"Graham","","Hamish","Green Party","Parti Vert",N,N,2
47006,"Prince Albert","Prince Albert"," 74","Prince Albert",N,N,"",1,545,"Hjertaas","","Estelle","Liberal","Libéral",N,N,18
47006,"Prince Albert","Prince Albert"," 74","Prince Albert",N,N,"",1,545,"Hoback","","Randy","Conservative","Conservateur",Y,Y,137
47006,"Prince Albert","Prince Albert"," 74","Prince Albert",N,N,"",1,545,"MacDougall","","Ken","NDP-New Democratic Party","NPD-Nouveau Parti démocratique",N,N,42
47006,"Prince Albert","Prince Albert"," 74","Prince Albert",N,N,"",1,545,"McCrea","","Joseph","People's Party - PPC","Parti populaire - PPC",N,N,14
47006,"Prince Albert","Prince Albert"," 74","Prince Albert",N,N,"",1,545,"Schmitt","","Heather","Maverick Party","Maverick Party",N,N,2
47006,"Prince Albert","Prince Albert"," 75","Prince Albert",N,N,"",2,378,"Graham","","Hamish","Green Party","Parti Vert",N,N,1
47006,"Prince Albert","Prince Albert"," 75","Prince Albert",N,N,"",2,378,"Hjertaas","","Estelle","Liberal","Libéral",N,N,12
47006,"Prince Albert","Prince Albert"," 75","Prince Albert",N,N,"",2,378,"Hoback","","Randy","Conservative","Conservateur",Y,Y,80
47006,"Prince Albert","Prince Albert"," 75","Prince Albert",N,N,"",2,378,"MacDougall","","Ken","NDP-New Democratic Party","NPD-Nouveau Parti démocratique",N,N,34
47006,"Prince Albert","Prince Albert"," 75","Prince Albert",N,N,"",2,378,"McCrea","","Joseph","People's Party - PPC","Parti populaire - PPC",N,N,12
47006,"Prince Albert","Prince Albert"," 75","Prince Albert",N,N,"",2,378,"Schmitt","","Heather","Maverick Party","Maverick Party",N,N,0
47006,"Prince Albert","Prince Albert"," 76","Prince Albert",N,N,"",0,367,"Graham","","Hamish","Green Party","Parti Vert",N,N,3
47006,"Prince Albert","Prince Albert"," 76","Prince Albert",N,N,"",0,367,"Hjertaas","","Estelle","Liberal","Libéral",N,N,20
47006,"Prince Albert","Prince Albert"," 76","Prince Albert",N,N,"",0,367,"Hoback","","Randy","Conservative","Conservateur",Y,Y,43
47006,"Prince Albert","Prince Albert"," 76","Prince Albert",N,N,"",0,367,"MacDougall","","Ken","NDP-New Democratic Party","NPD-Nouveau Parti démocratique",N,N,20
47006,"Prince Albert","Prince Albert"," 76","Prince Albert",N,N,"",0,367,"McCrea","","Joseph","People's Party - PPC","Parti populaire - PPC",N,N,2
47006,"Prince Albert","Prince Albert"," 76","Prince Albert",N,N,"",0,367,"Schmitt","","Heather","Maverick Party","Maverick Party",N,N,1
47006,"Prince Albert","Prince Albert"," 77","Prince Albert",N,N,"",1,591,"Graham","","Hamish","Green Party","Parti Vert",N,N,3
47006,"Prince Albert","Prince Albert"," 77","Prince Albert",N,N,"",1,591,"Hjertaas","","Estelle","Liberal","Libéral",N,N,49
47006,"Prince Albert","Prince Albert"," 77","Prince Albert",N,N,"",1,591,"Hoback","","Randy","Conservative","Conservateur",Y,Y,126
47006,"Prince Albert","Prince Albert"," 77","Prince Albert",N,N,"",1,591,"MacDougall","","Ken","NDP-New Democratic Party","NPD-Nouveau Parti démocratique",N,N,36
47006,"Prince Albert","Prince Albert"," 77","Prince Albert",N,N,"",1,591,"McCrea","","Joseph","People's Party - PPC","Parti populaire - PPC",N,N,17
47006,"Prince Albert","Prince Albert"," 77","Prince Albert",N,N,"",1,591,"Schmitt","","Heather","Maverick Party","Maverick Party",N,N,1
47006,"Prince Albert","Prince Albert"," 78","Prince Albert",N,N,"",0,472,"Graham","","Hamish","Green Party","Parti Vert",N,N,4
47006,"Prince Albert","Prince Albert"," 78","Prince Albert",N,N,"",0,472,"Hjertaas","","Estelle","Liberal","Libéral",N,N,16
47006,"Prince Albert","Prince Albert"," 78","Prince Albert",N,N,"",0,472,"Hoback","","Randy","Conservative","Conservateur",Y,Y,36
47006,"Prince Albert","Prince Albert"," 78","Prince Albert",N,N,"",0,472,"MacDougall","","Ken","NDP-New Democratic Party","NPD-Nouveau Parti démocratique",N,N,27
47006,"Prince Albert","Prince Albert"," 78","Prince Albert",N,N,"",0,472,"McCrea","","Joseph","People's Party - PPC","Parti populaire - PPC",N,N,4
47006,"Prince Albert","Prince Albert"," 78","Prince Albert",N,N,"",0,472,"Schmitt","","Heather","Maverick Party","Maverick Party",N,N,1
47006,"Prince Albert","Prince Albert"," 79","Prince Albert",N,N,"",1,420,"Graham","","Hamish","Green Party","Parti Vert",N,N,1
47006,"Prince Albert","Prince Albert"," 79","Prince Albert",N,N,"",1,420,"Hjertaas","","Estelle","Liberal","Libéral",N,N,20
47006,"Prince Albert","Prince Albert"," 79","Prince Albert",N,N,"",1,420,"Hoback","","Randy","Conservative","Conservateur",Y,Y,52
47006,"Prince Albert","Prince Albert"," 79","Prince Albert",N,N,"",1,420,"MacDougall","","Ken","NDP-New Democratic Party","NPD-Nouveau Parti démocratique",N,N,30
47006,"Prince Albert","Prince Albert"," 79","Prince Albert",N,N,"",1,420,"McCrea","","Joseph","People's Party - PPC","Parti populaire - PPC",N,N,10
47006,"Prince Albert","Prince Albert"," 79","Prince Albert",N,N,"",1,420,"Schmitt","","Heather","Maverick Party","Maverick Party",N,N,0
47006,"Prince Albert","Prince Albert"," 80","Prince Albert",N,N,"",0,340,"Graham","","Hamish","Green Party","Parti Vert",N,N,1
47006,"Prince Albert","Prince Albert"," 80","Prince Albert",N,N,"",0,340,"Hjertaas","","Estelle","Liberal","Libéral",N,N,17
47006,"Prince Albert","Prince Albert"," 80","Prince Albert",N,N,"",0,340,"Hoback","","Randy","Conservative","Conservateur",Y,Y,49
47006,"Prince Albert","Prince Albert"," 80","Prince Albert",N,N,"",0,340,"MacDougall","","Ken","NDP-New Democratic Party","NPD-Nouveau Parti démocratique",N,N,16
47006,"Prince Albert","Prince Albert"," 80","Prince Albert",N,N,"",0,340,"McCrea","","Joseph","People's Party - PPC","Parti populaire - PPC",N,N,1
47006,"Prince Albert","Prince Albert"," 80","Prince Albert",N,N,"",0,340,"Schmitt","","Heather","Maverick Party","Maverick Party",N,N,1
47006,"Prince Albert","Prince Albert"," 81","Prince Albert",N,N,"",0,335,"Graham","","Hamish","Green Party","Parti Vert",N,N,0
47006,"Prince Albert","Prince Albert"," 81","Prince Albert",N,N,"",0,335,"Hjertaas","","Estelle","Liberal","Libéral",N,N,10
47006,"Prince Albert","Prince Albert"," 81","Prince Albert",N,N,"",0,335,"Hoback","","Randy","Conservative","Conservateur",Y,Y,65
47006,"Prince Albert","Prince Albert"," 81","Prince Albert",N,N,"",0,335,"MacDougall","","Ken","NDP-New Democratic Party","NPD-Nouveau Parti démocratique",N,N,17
47006,"Prince Albert","Prince Albert"," 81","Prince Albert",N,N,"",0,335,"McCrea","","Joseph","People's Party - PPC","Parti populaire - PPC",N,N,9
47006,"Prince Albert","Prince Albert"," 81","Prince Albert",N,N,"",0,335,"Schmitt","","Heather","Maverick Party","Maverick Party",N,N,0
47006,"Prince Albert","Prince Albert"," 82","Prince Albert",N,N,"",0,397,"Graham","","Hamish","Green Party","Parti Vert",N,N,0
47006,"Prince Albert","Prince Albert"," 82","Prince Albert",N,N,"",0,397,"Hjertaas","","Estelle","Liberal","Libéral",N,N,17
47006,"Prince Albert","Prince Albert"," 82","Prince Albert",N,N,"",0,397,"Hoback","","Randy","Conservative","Conservateur",Y,Y,68
47006,"Prince Albert","Prince Albert"," 82","Prince Albert",N,N,"",0,397,"MacDougall","","Ken","NDP-New Democratic Party","NPD-Nouveau Parti démocratique",N,N,36
47006,"Prince Albert","Prince Albert"," 82","Prince Albert",N,N,"",0,397,"McCrea","","Joseph","People's Party - PPC","Parti populaire - PPC",N,N,4
47006,"Prince Albert","Prince Albert"," 82","Prince Albert",N,N,"",0,397,"Schmitt","","Heather","Maverick Party","Maverick Party",N,N,0
47006,"Prince Albert","Prince Albert"," 83","Prince Albert",N,N,"",0,449,"Graham","","Hamish","Green Party","Parti Vert",N,N,2
47006,"Prince Albert","Prince Albert"," 83","Prince Albert",N,N,"",0,449,"Hjertaas","","Estelle","Liberal","Libéral",N,N,22
47006,"Prince Albert","Prince Albert"," 83","Prince Albert",N,N,"",0,449,"Hoback","","Randy","Conservative","Conservateur",Y,Y,40
47006,"Prince Albert","Prince Albert"," 83","Prince Albert",N,N,"",0,449,"MacDougall","","Ken","NDP-New Democratic Party","NPD-Nouveau Parti démocratique",N,N,37
47006,"Prince Albert","Prince Albert"," 83","Prince Albert",N,N,"",0,449,"McCrea","","Joseph","People's Party - PPC","Parti populaire - PPC",N,N,12
47006,"Prince Albert","Prince Albert"," 83","Prince Albert",N,N,"",0,449,"Schmitt","","Heather","Maverick Party","Maverick Party",N,N,0
47006,"Prince Albert","Prince Albert"," 84","Prince Albert",N,N,"",0,395,"Graham","","Hamish","Green Party","Parti Vert",N,N,1
47006,"Prince Albert","Prince Albert"," 84","Prince Albert",N,N,"",0,395,"Hjertaas","","Estelle","Liberal","Libéral",N,N,12
47006,"Prince Albert","Prince Albert"," 84","Prince Albert",N,N,"",0,395,"Hoback","","Randy","Conservative","Conservateur",Y,Y,36
47006,"Prince Albert","Prince Albert"," 84","Prince Albert",N,N,"",0,395,"MacDougall","","Ken","NDP-New Democratic Party","NPD-Nouveau Parti démocratique",N,N,23
47006,"Prince Albert","Prince Albert"," 84","Prince Albert",N,N,"",0,395,"McCrea","","Joseph","People's Party - PPC","Parti populaire - PPC",N,N,4
47006,"Prince Albert","Prince Albert"," 84","Prince Albert",N,N,"",0,395,"Schmitt","","Heather","Maverick Party","Maverick Party",N,N,1
47006,"Prince Albert","Prince Albert"," 85","Prince Albert",N,N,"",0,538,"Graham","","Hamish","Green Party","Parti Vert",N,N,3
47006,"Prince Albert","Prince Albert"," 85","Prince Albert",N,N,"",0,538,"Hjertaas","","Estelle","Liberal","Libéral",N,N,29
47006,"Prince Albert","Prince Albert"," 85","Prince Albert",N,N,"",0,538,"Hoback","","Randy","Conservative","Conservateur",Y,Y,40
47006,"Prince Albert","Prince Albert"," 85","Prince Albert",N,N,"",0,538,"MacDougall","","Ken","NDP-New Democratic Party","NPD-Nouveau Parti démocratique",N,N,42
47006,"Prince Albert","Prince Albert"," 85","Prince Albert",N,N,"",0,538,"McCrea","","Joseph","People's Party - PPC","Parti populaire - PPC",N,N,6
47006,"Prince Albert","Prince Albert"," 85","Prince Albert",N,N,"",0,538,"Schmitt","","Heather","Maverick Party","Maverick Party",N,N,1
47006,"Prince Albert","Prince Albert"," 86A","Prince Albert",N,N,"",0,516,"Graham","","Hamish","Green Party","Parti Vert",N,N,2
47006,"Prince Albert","Prince Albert"," 86A","Prince Albert",N,N,"",0,516,"Hjertaas","","Estelle","Liberal","Libéral",N,N,18
47006,"Prince Albert","Prince Albert"," 86A","Prince Albert",N,N,"",0,516,"Hoback","","Randy","Conservative","Conservateur",Y,Y,93
47006,"Prince Albert","Prince Albert"," 86A","Prince Albert",N,N,"",0,516,"MacDougall","","Ken","NDP-New Democratic Party","NPD-Nouveau Parti démocratique",N,N,42
47006,"Prince Albert","Prince Albert"," 86A","Prince Albert",N,N,"",0,516,"McCrea","","Joseph","People's Party - PPC","Parti populaire - PPC",N,N,9
47006,"Prince Albert","Prince Albert"," 86A","Prince Albert",N,N,"",0,516,"Schmitt","","Heather","Maverick Party","Maverick Party",N,N,1
47006,"Prince Albert","Prince Albert"," 86B","Mobile poll/Bureau itinérant",N,N,"",1,13,"Graham","","Hamish","Green Party","Parti Vert",N,N,0
47006,"Prince Albert","Prince Albert"," 86B","Mobile poll/Bureau itinérant",N,N,"",1,13,"Hjertaas","","Estelle","Liberal","Libéral",N,N,9
47006,"Prince Albert","Prince Albert"," 86B","Mobile poll/Bureau itinérant",N,N,"",1,13,"Hoback","","Randy","Conservative","Conservateur",Y,Y,1
47006,"Prince Albert","Prince Albert"," 86B","Mobile poll/Bureau itinérant",N,N,"",1,13,"MacDougall","","Ken","NDP-New Democratic Party","NPD-Nouveau Parti démocratique",N,N,0
47006,"Prince Albert","Prince Albert"," 86B","Mobile poll/Bureau itinérant",N,N,"",1,13,"McCrea","","Joseph","People's Party - PPC","Parti populaire - PPC",N,N,0
47006,"Prince Albert","Prince Albert"," 86B","Mobile poll/Bureau itinérant",N,N,"",1,13,"Schmitt","","Heather","Maverick Party","Maverick Party",N,N,0
47006,"Prince Albert","Prince Albert"," 87","Prince Albert",N,N,"",2,521,"Graham","","Hamish","Green Party","Parti Vert",N,N,2
47006,"Prince Albert","Prince Albert"," 87","Prince Albert",N,N,"",2,521,"Hjertaas","","Estelle","Liberal","Libéral",N,N,19
47006,"Prince Albert","Prince Albert"," 87","Prince Albert",N,N,"",2,521,"Hoback","","Randy","Conservative","Conservateur",Y,Y,98
47006,"Prince Albert","Prince Albert"," 87","Prince Albert",N,N,"",2,521,"MacDougall","","Ken","NDP-New Democratic Party","NPD-Nouveau Parti démocratique",N,N,31
47006,"Prince Albert","Prince Albert"," 87","Prince Albert",N,N,"",2,521,"McCrea","","Joseph","People's Party - PPC","Parti populaire - PPC",N,N,11
47006,"Prince Albert","Prince Albert"," 87","Prince Albert",N,N,"",2,521,"Schmitt","","Heather","Maverick Party","Maverick Party",N,N,1
47006,"Prince Albert","Prince Albert"," 88","Prince Albert",N,N,"",0,333,"Graham","","Hamish","Green Party","Parti Vert",N,N,0
47006,"Prince Albert","Prince Albert"," 88","Prince Albert",N,N,"",0,333,"Hjertaas","","Estelle","Liberal","Libéral",N,N,21
47006,"Prince Albert","Prince Albert"," 88","Prince Albert",N,N,"",0,333,"Hoback","","Randy","Conservative","Conservateur",Y,Y,62
47006,"Prince Albert","Prince Albert"," 88","Prince Albert",N,N,"",0,333,"MacDougall","","Ken","NDP-New Democratic Party","NPD-Nouveau Parti démocratique",N,N,28
47006,"Prince Albert","Prince Albert"," 88","Prince Albert",N,N,"",0,333,"McCrea","","Joseph","People's Party - PPC","Parti populaire - PPC",N,N,7
47006,"Prince Albert","Prince Albert"," 88","Prince Albert",N,N,"",0,333,"Schmitt","","Heather","Maverick Party","Maverick Party",N,N,2
47006,"Prince Albert","Prince Albert"," 89","Prince Albert",N,N,"",0,343,"Graham","","Hamish","Green Party","Parti Vert",N,N,0
47006,"Prince Albert","Prince Albert"," 89","Prince Albert",N,N,"",0,343,"Hjertaas","","Estelle","Liberal","Libéral",N,N,19
47006,"Prince Albert","Prince Albert"," 89","Prince Albert",N,N,"",0,343,"Hoback","","Randy","Conservative","Conservateur",Y,Y,63
47006,"Prince Albert","Prince Albert"," 89","Prince Albert",N,N,"",0,343,"MacDougall","","Ken","NDP-New Democratic Party","NPD-Nouveau Parti démocratique",N,N,19
47006,"Prince Albert","Prince Albert"," 89","Prince Albert",N,N,"",0,343,"McCrea","","Joseph","People's Party - PPC","Parti populaire - PPC",N,N,2
47006,"Prince Albert","Prince Albert"," 89","Prince Albert",N,N,"",0,343,"Schmitt","","Heather","Maverick Party","Maverick Party",N,N,0
47006,"Prince Albert","Prince Albert"," 90","Prince Albert",N,N,"",0,365,"Graham","","Hamish","Green Party","Parti Vert",N,N,1
47006,"Prince Albert","Prince Albert"," 90","Prince Albert",N,N,"",0,365,"Hjertaas","","Estelle","Liberal","Libéral",N,N,10
47006,"Prince Albert","Prince Albert"," 90","Prince Albert",N,N,"",0,365,"Hoback","","Randy","Conservative","Conservateur",Y,Y,95
47006,"Prince Albert","Prince Albert"," 90","Prince Albert",N,N,"",0,365,"MacDougall","","Ken","NDP-New Democratic Party","NPD-Nouveau Parti démocratique",N,N,23
47006,"Prince Albert","Prince Albert"," 90","Prince Albert",N,N,"",0,365,"McCrea","","Joseph","People's Party - PPC","Parti populaire - PPC",N,N,3
47006,"Prince Albert","Prince Albert"," 90","Prince Albert",N,N,"",0,365,"Schmitt","","Heather","Maverick Party","Maverick Party",N,N,0
47006,"Prince Albert","Prince Albert"," 91","Prince Albert",N,N,"",1,446,"Graham","","Hamish","Green Party","Parti Vert",N,N,3
47006,"Prince Albert","Prince Albert"," 91","Prince Albert",N,N,"",1,446,"Hjertaas","","Estelle","Liberal","Libéral",N,N,28
47006,"Prince Albert","Prince Albert"," 91","Prince Albert",N,N,"",1,446,"Hoback","","Randy","Conservative","Conservateur",Y,Y,113
47006,"Prince Albert","Prince Albert"," 91","Prince Albert",N,N,"",1,446,"MacDougall","","Ken","NDP-New Democratic Party","NPD-Nouveau Parti démocratique",N,N,26
47006,"Prince Albert","Prince Albert"," 91","Prince Albert",N,N,"",1,446,"McCrea","","Joseph","People's Party - PPC","Parti populaire - PPC",N,N,5
47006,"Prince Albert","Prince Albert"," 91","Prince Albert",N,N,"",1,446,"Schmitt","","Heather","Maverick Party","Maverick Party",N,N,0
47006,"Prince Albert","Prince Albert"," 92","Prince Albert",N,N,"",0,262,"Graham","","Hamish","Green Party","Parti Vert",N,N,2
47006,"Prince Albert","Prince Albert"," 92","Prince Albert",N,N,"",0,262,"Hjertaas","","Estelle","Liberal","Libéral",N,N,16
47006,"Prince Albert","Prince Albert"," 92","Prince Albert",N,N,"",0,262,"Hoback","","Randy","Conservative","Conservateur",Y,Y,52
47006,"Prince Albert","Prince Albert"," 92","Prince Albert",N,N,"",0,262,"MacDougall","","Ken","NDP-New Democratic Party","NPD-Nouveau Parti démocratique",N,N,17
47006,"Prince Albert","Prince Albert"," 92","Prince Albert",N,N,"",0,262,"McCrea","","Joseph","People's Party - PPC","Parti populaire - PPC",N,N,3
47006,"Prince Albert","Prince Albert"," 92","Prince Albert",N,N,"",0,262,"Schmitt","","Heather","Maverick Party","Maverick Party",N,N,0
47006,"Prince Albert","Prince Albert"," 93","Miller's Hill",N,N,"",1,361,"Graham","","Hamish","Green Party","Parti Vert",N,N,2
47006,"Prince Albert","Prince Albert"," 93","Miller's Hill",N,N,"",1,361,"Hjertaas","","Estelle","Liberal","Libéral",N,N,6
47006,"Prince Albert","Prince Albert"," 93","Miller's Hill",N,N,"",1,361,"Hoback","","Randy","Conservative","Conservateur",Y,Y,96
47006,"Prince Albert","Prince Albert"," 93","Miller's Hill",N,N,"",1,361,"MacDougall","","Ken","NDP-New Democratic Party","NPD-Nouveau Parti démocratique",N,N,18
47006,"Prince Albert","Prince Albert"," 93","Miller's Hill",N,N,"",1,361,"McCrea","","Joseph","People's Party - PPC","Parti populaire - PPC",N,N,18
47006,"Prince Albert","Prince Albert"," 93","Miller's Hill",N,N,"",1,361,"Schmitt","","Heather","Maverick Party","Maverick Party",N,N,1
47006,"Prince Albert","Prince Albert"," 94","Birson",N,N,"",0,327,"Graham","","Hamish","Green Party","Parti Vert",N,N,1
47006,"Prince Albert","Prince Albert"," 94","Birson",N,N,"",0,327,"Hjertaas","","Estelle","Liberal","Libéral",N,N,7
47006,"Prince Albert","Prince Albert"," 94","Birson",N,N,"",0,327,"Hoback","","Randy","Conservative","Conservateur",Y,Y,95
47006,"Prince Albert","Prince Albert"," 94","Birson",N,N,"",0,327,"MacDougall","","Ken","NDP-New Democratic Party","NPD-Nouveau Parti démocratique",N,N,17
47006,"Prince Albert","Prince Albert"," 94","Birson",N,N,"",0,327,"McCrea","","Joseph","People's Party - PPC","Parti populaire - PPC",N,N,9
47006,"Prince Albert","Prince Albert"," 94","Birson",N,N,"",0,327,"Schmitt","","Heather","Maverick Party","Maverick Party",N,N,3
47006,"Prince Albert","Prince Albert"," 95","Petaigan",N,N,"",0,296,"Graham","","Hamish","Green Party","Parti Vert",N,N,3
47006,"Prince Albert","Prince Albert"," 95","Petaigan",N,N,"",0,296,"Hjertaas","","Estelle","Liberal","Libéral",N,N,3
47006,"Prince Albert","Prince Albert"," 95","Petaigan",N,N,"",0,296,"Hoback","","Randy","Conservative","Conservateur",Y,Y,77
47006,"Prince Albert","Prince Albert"," 95","Petaigan",N,N,"",0,296,"MacDougall","","Ken","NDP-New Democratic Party","NPD-Nouveau Parti démocratique",N,N,9
47006,"Prince Albert","Prince Albert"," 95","Petaigan",N,N,"",0,296,"McCrea","","Joseph","People's Party - PPC","Parti populaire - PPC",N,N,11
47006,"Prince Albert","Prince Albert"," 95","Petaigan",N,N,"",0,296,"Schmitt","","Heather","Maverick Party","Maverick Party",N,N,5
47006,"Prince Albert","Prince Albert"," 96","Carrot River",N,N,"",0,410,"Graham","","Hamish","Green Party","Parti Vert",N,N,3
47006,"Prince Albert","Prince Albert"," 96","Carrot River",N,N,"",0,410,"Hjertaas","","Estelle","Liberal","Libéral",N,N,18
47006,"Prince Albert","Prince Albert"," 96","Carrot River",N,N,"",0,410,"Hoback","","Randy","Conservative","Conservateur",Y,Y,102
47006,"Prince Albert","Prince Albert"," 96","Carrot River",N,N,"",0,410,"MacDougall","","Ken","NDP-New Democratic Party","NPD-Nouveau Parti démocratique",N,N,15
47006,"Prince Albert","Prince Albert"," 96","Carrot River",N,N,"",0,410,"McCrea","","Joseph","People's Party - PPC","Parti populaire - PPC",N,N,9
47006,"Prince Albert","Prince Albert"," 96","Carrot River",N,N,"",0,410,"Schmitt","","Heather","Maverick Party","Maverick Party",N,N,3
47006,"Prince Albert","Prince Albert"," 97","Carrot River",N,N,"",0,290,"Graham","","Hamish","Green Party","Parti Vert",N,N,0
47006,"Prince Albert","Prince Albert"," 97","Carrot River",N,N,"",0,290,"Hjertaas","","Estelle","Liberal","Libéral",N,N,1
47006,"Prince Albert","Prince Albert"," 97","Carrot River",N,N,"",0,290,"Hoback","","Randy","Conservative","Conservateur",Y,Y,72
47006,"Prince Albert","Prince Albert"," 97","Carrot River",N,N,"",0,290,"MacDougall","","Ken","NDP-New Democratic Party","NPD-Nouveau Parti démocratique",N,N,8
47006,"Prince Albert","Prince Albert"," 97","Carrot River",N,N,"",0,290,"McCrea","","Joseph","People's Party - PPC","Parti populaire - PPC",N,N,5
47006,"Prince Albert","Prince Albert"," 97","Carrot River",N,N,"",0,290,"Schmitt","","Heather","Maverick Party","Maverick Party",N,N,4
47006,"Prince Albert","Prince Albert"," 98","Moose Range",N,N,"",0,231,"Graham","","Hamish","Green Party","Parti Vert",N,N,0
47006,"Prince Albert","Prince Albert"," 98","Moose Range",N,N,"",0,231,"Hjertaas","","Estelle","Liberal","Libéral",N,N,6
47006,"Prince Albert","Prince Albert"," 98","Moose Range",N,N,"",0,231,"Hoback","","Randy","Conservative","Conservateur",Y,Y,64
47006,"Prince Albert","Prince Albert"," 98","Moose Range",N,N,"",0,231,"MacDougall","","Ken","NDP-New Democratic Party","NPD-Nouveau Parti démocratique",N,N,6
47006,"Prince Albert","Prince Albert"," 98","Moose Range",N,N,"",0,231,"McCrea","","Joseph","People's Party - PPC","Parti populaire - PPC",N,N,11
47006,"Prince Albert","Prince Albert"," 98","Moose Range",N,N,"",0,231,"Schmitt","","Heather","Maverick Party","Maverick Party",N,N,4
47006,"Prince Albert","Prince Albert"," 99","Smoky Burn",N,N,"",0,264,"Graham","","Hamish","Green Party","Parti Vert",N,N,0
47006,"Prince Albert","Prince Albert"," 99","Smoky Burn",N,N,"",0,264,"Hjertaas","","Estelle","Liberal","Libéral",N,N,5
47006,"Prince Albert","Prince Albert"," 99","Smoky Burn",N,N,"",0,264,"Hoback","","Randy","Conservative","Conservateur",Y,Y,96
47006,"Prince Albert","Prince Albert"," 99","Smoky Burn",N,N,"",0,264,"MacDougall","","Ken","NDP-New Democratic Party","NPD-Nouveau Parti démocratique",N,N,10
47006,"Prince Albert","Prince Albert"," 99","Smoky Burn",N,N,"",0,264,"McCrea","","Joseph","People's Party - PPC","Parti populaire - PPC",N,N,3
47006,"Prince Albert","Prince Albert"," 99","Smoky Burn",N,N,"",0,264,"Schmitt","","Heather","Maverick Party","Maverick Party",N,N,10
47006,"Prince Albert","Prince Albert"," 100","Macdowall",N,N,"",1,406,"Graham","","Hamish","Green Party","Parti Vert",N,N,4
47006,"Prince Albert","Prince Albert"," 100","Macdowall",N,N,"",1,406,"Hjertaas","","Estelle","Liberal","Libéral",N,N,10
47006,"Prince Albert","Prince Albert"," 100","Macdowall",N,N,"",1,406,"Hoback","","Randy","Conservative","Conservateur",Y,Y,128
47006,"Prince Albert","Prince Albert"," 100","Macdowall",N,N,"",1,406,"MacDougall","","Ken","NDP-New Democratic Party","NPD-Nouveau Parti démocratique",N,N,19
47006,"Prince Albert","Prince Albert"," 100","Macdowall",N,N,"",1,406,"McCrea","","Joseph","People's Party - PPC","Parti populaire - PPC",N,N,21
47006,"Prince Albert","Prince Albert"," 100","Macdowall",N,N,"",1,406,"Schmitt","","Heather","Maverick Party","Maverick Party",N,N,13
47006,"Prince Albert","Prince Albert"," 101","Clouston",N,N,"",0,352,"Graham","","Hamish","Green Party","Parti Vert",N,N,0
47006,"Prince Albert","Prince Albert"," 101","Clouston",N,N,"",0,352,"Hjertaas","","Estelle","Liberal","Libéral",N,N,7
47006,"Prince Albert","Prince Albert"," 101","Clouston",N,N,"",0,352,"Hoback","","Randy","Conservative","Conservateur",Y,Y,108
47006,"Prince Albert","Prince Albert"," 101","Clouston",N,N,"",0,352,"MacDougall","","Ken","NDP-New Democratic Party","NPD-Nouveau Parti démocratique",N,N,13
47006,"Prince Albert","Prince Albert"," 101","Clouston",N,N,"",0,352,"McCrea","","Joseph","People's Party - PPC","Parti populaire - PPC",N,N,18
47006,"Prince Albert","Prince Albert"," 101","Clouston",N,N,"",0,352,"Schmitt","","Heather","Maverick Party","Maverick Party",N,N,3
47006,"Prince Albert","Prince Albert"," 102","Codette",N,N,"",0,183,"Graham","","Hamish","Green Party","Parti Vert",N,N,0
47006,"Prince Albert","Prince Albert"," 102","Codette",N,N,"",0,183,"Hjertaas","","Estelle","Liberal","Libéral",N,N,1
47006,"Prince Albert","Prince Albert"," 102","Codette",N,N,"",0,183,"Hoback","","Randy","Conservative","Conservateur",Y,Y,50
47006,"Prince Albert","Prince Albert"," 102","Codette",N,N,"",0,183,"MacDougall","","Ken","NDP-New Democratic Party","NPD-Nouveau Parti démocratique",N,N,10
47006,"Prince Albert","Prince Albert"," 102","Codette",N,N,"",0,183,"McCrea","","Joseph","People's Party - PPC","Parti populaire - PPC",N,N,14
47006,"Prince Albert","Prince Albert"," 102","Codette",N,N,"",0,183,"Schmitt","","Heather","Maverick Party","Maverick Party",N,N,0
47006,"Prince Albert","Prince Albert"," 103","Codette",N,N,"",0,346,"Graham","","Hamish","Green Party","Parti Vert",N,N,2
47006,"Prince Albert","Prince Albert"," 103","Codette",N,N,"",0,346,"Hjertaas","","Estelle","Liberal","Libéral",N,N,1
47006,"Prince Albert","Prince Albert"," 103","Codette",N,N,"",0,346,"Hoback","","Randy","Conservative","Conservateur",Y,Y,126
47006,"Prince Albert","Prince Albert"," 103","Codette",N,N,"",0,346,"MacDougall","","Ken","NDP-New Democratic Party","NPD-Nouveau Parti démocratique",N,N,16
47006,"Prince Albert","Prince Albert"," 103","Codette",N,N,"",0,346,"McCrea","","Joseph","People's Party - PPC","Parti populaire - PPC",N,N,19
47006,"Prince Albert","Prince Albert"," 103","Codette",N,N,"",0,346,"Schmitt","","Heather","Maverick Party","Maverick Party",N,N,4
47006,"Prince Albert","Prince Albert"," 104","Muskoday First Nation",N,N,"",0,511,"Graham","","Hamish","Green Party","Parti Vert",N,N,2
47006,"Prince Albert","Prince Albert"," 104","Muskoday First Nation",N,N,"",0,511,"Hjertaas","","Estelle","Liberal","Libéral",N,N,45
47006,"Prince Albert","Prince Albert"," 104","Muskoday First Nation",N,N,"",0,511,"Hoback","","Randy","Conservative","Conservateur",Y,Y,18
47006,"Prince Albert","Prince Albert"," 104","Muskoday First Nation",N,N,"",0,511,"MacDougall","","Ken","NDP-New Democratic Party","NPD-Nouveau Parti démocratique",N,N,73
47006,"Prince Albert","Prince Albert"," 104","Muskoday First Nation",N,N,"",0,511,"McCrea","","Joseph","People's Party - PPC","Parti populaire - PPC",N,N,7
47006,"Prince Albert","Prince Albert"," 104","Muskoday First Nation",N,N,"",0,511,"Schmitt","","Heather","Maverick Party","Maverick Party",N,N,0
47006,"Prince Albert","Prince Albert"," 105","Red Deer Hill",N,N,"",0,395,"Graham","","Hamish","Green Party","Parti Vert",N,N,2
47006,"Prince Albert","Prince Albert"," 105","Red Deer Hill",N,N,"",0,395,"Hjertaas","","Estelle","Liberal","Libéral",N,N,12
47006,"Prince Albert","Prince Albert"," 105","Red Deer Hill",N,N,"",0,395,"Hoback","","Randy","Conservative","Conservateur",Y,Y,129
47006,"Prince Albert","Prince Albert"," 105","Red Deer Hill",N,N,"",0,395,"MacDougall","","Ken","NDP-New Democratic Party","NPD-Nouveau Parti démocratique",N,N,18
47006,"Prince Albert","Prince Albert"," 105","Red Deer Hill",N,N,"",0,395,"McCrea","","Joseph","People's Party - PPC","Parti populaire - PPC",N,N,14
47006,"Prince Albert","Prince Albert"," 105","Red Deer Hill",N,N,"",0,395,"Schmitt","","Heather","Maverick Party","Maverick Party",N,N,1
47006,"Prince Albert","Prince Albert"," 106","Weldon",N,N,"",0,347,"Graham","","Hamish","Green Party","Parti Vert",N,N,1
47006,"Prince Albert","Prince Albert"," 106","Weldon",N,N,"",0,347,"Hjertaas","","Estelle","Liberal","Libéral",N,N,7
47006,"Prince Albert","Prince Albert"," 106","Weldon",N,N,"",0,347,"Hoback","","Randy","Conservative","Conservateur",Y,Y,143
47006,"Prince Albert","Prince Albert"," 106","Weldon",N,N,"",0,347,"MacDougall","","Ken","NDP-New Democratic Party","NPD-Nouveau Parti démocratique",N,N,18
47006,"Prince Albert","Prince Albert"," 106","Weldon",N,N,"",0,347,"McCrea","","Joseph","People's Party - PPC","Parti populaire - PPC",N,N,24
47006,"Prince Albert","Prince Albert"," 106","Weldon",N,N,"",0,347,"Schmitt","","Heather","Maverick Party","Maverick Party",N,N,3
47006,"Prince Albert","Prince Albert"," 107","James Smith 100",N,N,"",0,344,"Graham","","Hamish","Green Party","Parti Vert",N,N,1
47006,"Prince Albert","Prince Albert"," 107","James Smith 100",N,N,"",0,344,"Hjertaas","","Estelle","Liberal","Libéral",N,N,82
47006,"Prince Albert","Prince Albert"," 107","James Smith 100",N,N,"",0,344,"Hoback","","Randy","Conservative","Conservateur",Y,Y,5
47006,"Prince Albert","Prince Albert"," 107","James Smith 100",N,N,"",0,344,"MacDougall","","Ken","NDP-New Democratic Party","NPD-Nouveau Parti démocratique",N,N,52
47006,"Prince Albert","Prince Albert"," 107","James Smith 100",N,N,"",0,344,"McCrea","","Joseph","People's Party - PPC","Parti populaire - PPC",N,N,0
47006,"Prince Albert","Prince Albert"," 107","James Smith 100",N,N,"",0,344,"Schmitt","","Heather","Maverick Party","Maverick Party",N,N,0
47006,"Prince Albert","Prince Albert"," 108","Brancepeth",N,N,"",0,217,"Graham","","Hamish","Green Party","Parti Vert",N,N,2
47006,"Prince Albert","Prince Albert"," 108","Brancepeth",N,N,"",0,217,"Hjertaas","","Estelle","Liberal","Libéral",N,N,4
47006,"Prince Albert","Prince Albert"," 108","Brancepeth",N,N,"",0,217,"Hoback","","Randy","Conservative","Conservateur",Y,Y,62
47006,"Prince Albert","Prince Albert"," 108","Brancepeth",N,N,"",0,217,"MacDougall","","Ken","NDP-New Democratic Party","NPD-Nouveau Parti démocratique",N,N,8
47006,"Prince Albert","Prince Albert"," 108","Brancepeth",N,N,"",0,217,"McCrea","","Joseph","People's Party - PPC","Parti populaire - PPC",N,N,4
47006,"Prince Albert","Prince Albert"," 108","Brancepeth",N,N,"",0,217,"Schmitt","","Heather","Maverick Party","Maverick Party",N,N,2
47006,"Prince Albert","Prince Albert"," 109","Birch Hills",N,N,"",0,279,"Graham","","Hamish","Green Party","Parti Vert",N,N,1
47006,"Prince Albert","Prince Albert"," 109","Birch Hills",N,N,"",0,279,"Hjertaas","","Estelle","Liberal","Libéral",N,N,8
47006,"Prince Albert","Prince Albert"," 109","Birch Hills",N,N,"",0,279,"Hoback","","Randy","Conservative","Conservateur",Y,Y,67
47006,"Prince Albert","Prince Albert"," 109","Birch Hills",N,N,"",0,279,"MacDougall","","Ken","NDP-New Democratic Party","NPD-Nouveau Parti démocratique",N,N,21
47006,"Prince Albert","Prince Albert"," 109","Birch Hills",N,N,"",0,279,"McCrea","","Joseph","People's Party - PPC","Parti populaire - PPC",N,N,6
47006,"Prince Albert","Prince Albert"," 109","Birch Hills",N,N,"",0,279,"Schmitt","","Heather","Maverick Party","Maverick Party",N,N,1
47006,"Prince Albert","Prince Albert"," 110","Birch Hills",N,N,"",0,245,"Graham","","Hamish","Green Party","Parti Vert",N,N,3
47006,"Prince Albert","Prince Albert"," 110","Birch Hills",N,N,"",0,245,"Hjertaas","","Estelle","Liberal","Libéral",N,N,6
47006,"Prince Albert","Prince Albert"," 110","Birch Hills",N,N,"",0,245,"Hoback","","Randy","Conservative","Conservateur",Y,Y,43
47006,"Prince Albert","Prince Albert"," 110","Birch Hills",N,N,"",0,245,"MacDougall","","Ken","NDP-New Democratic Party","NPD-Nouveau Parti démocratique",N,N,17
47006,"Prince Albert","Prince Albert"," 110","Birch Hills",N,N,"",0,245,"McCrea","","Joseph","People's Party - PPC","Parti populaire - PPC",N,N,6
47006,"Prince Albert","Prince Albert"," 110","Birch Hills",N,N,"",0,245,"Schmitt","","Heather","Maverick Party","Maverick Party",N,N,0
47006,"Prince Albert","Prince Albert"," 111","Birch Hills",N,N,"",1,520,"Graham","","Hamish","Green Party","Parti Vert",N,N,3
47006,"Prince Albert","Prince Albert"," 111","Birch Hills",N,N,"",1,520,"Hjertaas","","Estelle","Liberal","Libéral",N,N,11
47006,"Prince Albert","Prince Albert"," 111","Birch Hills",N,N,"",1,520,"Hoback","","Randy","Conservative","Conservateur",Y,Y,98
47006,"Prince Albert","Prince Albert"," 111","Birch Hills",N,N,"",1,520,"MacDougall","","Ken","NDP-New Democratic Party","NPD-Nouveau Parti démocratique",N,N,34
47006,"Prince Albert","Prince Albert"," 111","Birch Hills",N,N,"",1,520,"McCrea","","Joseph","People's Party - PPC","Parti populaire - PPC",N,N,12
47006,"Prince Albert","Prince Albert"," 111","Birch Hills",N,N,"",1,520,"Schmitt","","Heather","Maverick Party","Maverick Party",N,N,0
47006,"Prince Albert","Prince Albert"," 112","Aylsham",N,N,"",1,159,"Graham","","Hamish","Green Party","Parti Vert",N,N,0
47006,"Prince Albert","Prince Albert"," 112","Aylsham",N,N,"",1,159,"Hjertaas","","Estelle","Liberal","Libéral",N,N,4
47006,"Prince Albert","Prince Albert"," 112","Aylsham",N,N,"",1,159,"Hoback","","Randy","Conservative","Conservateur",Y,Y,72
47006,"Prince Albert","Prince Albert"," 112","Aylsham",N,N,"",1,159,"MacDougall","","Ken","NDP-New Democratic Party","NPD-Nouveau Parti démocratique",N,N,4
47006,"Prince Albert","Prince Albert"," 112","Aylsham",N,N,"",1,159,"McCrea","","Joseph","People's Party - PPC","Parti populaire - PPC",N,N,8
47006,"Prince Albert","Prince Albert"," 112","Aylsham",N,N,"",1,159,"Schmitt","","Heather","Maverick Party","Maverick Party",N,N,4
47006,"Prince Albert","Prince Albert"," 113","Gronlid",N,N,"",1,337,"Graham","","Hamish","Green Party","Parti Vert",N,N,3
47006,"Prince Albert","Prince Albert"," 113","Gronlid",N,N,"",1,337,"Hjertaas","","Estelle","Liberal","Libéral",N,N,3
47006,"Prince Albert","Prince Albert"," 113","Gronlid",N,N,"",1,337,"Hoback","","Randy","Conservative","Conservateur",Y,Y,137
47006,"Prince Albert","Prince Albert"," 113","Gronlid",N,N,"",1,337,"MacDougall","","Ken","NDP-New Democratic Party","NPD-Nouveau Parti démocratique",N,N,21
47006,"Prince Albert","Prince Albert"," 113","Gronlid",N,N,"",1,337,"McCrea","","Joseph","People's Party - PPC","Parti populaire - PPC",N,N,24
47006,"Prince Albert","Prince Albert"," 113","Gronlid",N,N,"",1,337,"Schmitt","","Heather","Maverick Party","Maverick Party",N,N,5
47006,"Prince Albert","Prince Albert"," 114","Brockington",N,N,"",0,232,"Graham","","Hamish","Green Party","Parti Vert",N,N,0
47006,"Prince Albert","Prince Albert"," 114","Brockington",N,N,"",0,232,"Hjertaas","","Estelle","Liberal","Libéral",N,N,2
47006,"Prince Albert","Prince Albert"," 114","Brockington",N,N,"",0,232,"Hoback","","Randy","Conservative","Conservateur",Y,Y,80
47006,"Prince Albert","Prince Albert"," 114","Brockington",N,N,"",0,232,"MacDougall","","Ken","NDP-New Democratic Party","NPD-Nouveau Parti démocratique",N,N,9
47006,"Prince Albert","Prince Albert"," 114","Brockington",N,N,"",0,232,"McCrea","","Joseph","People's Party - PPC","Parti populaire - PPC",N,N,13
47006,"Prince Albert","Prince Albert"," 114","Brockington",N,N,"",0,232,"Schmitt","","Heather","Maverick Party","Maverick Party",N,N,2
47006,"Prince Albert","Prince Albert"," 115","St. Louis",N,N,"",0,342,"Graham","","Hamish","Green Party","Parti Vert",N,N,3
47006,"Prince Albert","Prince Albert"," 115","St. Louis",N,N,"",0,342,"Hjertaas","","Estelle","Liberal","Libéral",N,N,15
47006,"Prince Albert","Prince Albert"," 115","St. Louis",N,N,"",0,342,"Hoback","","Randy","Conservative","Conservateur",Y,Y,114
47006,"Prince Albert","Prince Albert"," 115","St. Louis",N,N,"",0,342,"MacDougall","","Ken","NDP-New Democratic Party","NPD-Nouveau Parti démocratique",N,N,50
47006,"Prince Albert","Prince Albert"," 115","St. Louis",N,N,"",0,342,"McCrea","","Joseph","People's Party - PPC","Parti populaire - PPC",N,N,11
47006,"Prince Albert","Prince Albert"," 115","St. Louis",N,N,"",0,342,"Schmitt","","Heather","Maverick Party","Maverick Party",N,N,0
47006,"Prince Albert","Prince Albert"," 116","Hoey",N,N,"",2,231,"Graham","","Hamish","Green Party","Parti Vert",N,N,0
47006,"Prince Albert","Prince Albert"," 116","Hoey",N,N,"",2,231,"Hjertaas","","Estelle","Liberal","Libéral",N,N,7
47006,"Prince Albert","Prince Albert"," 116","Hoey",N,N,"",2,231,"Hoback","","Randy","Conservative","Conservateur",Y,Y,70
47006,"Prince Albert","Prince Albert"," 116","Hoey",N,N,"",2,231,"MacDougall","","Ken","NDP-New Democratic Party","NPD-Nouveau Parti démocratique",N,N,16
47006,"Prince Albert","Prince Albert"," 116","Hoey",N,N,"",2,231,"McCrea","","Joseph","People's Party - PPC","Parti populaire - PPC",N,N,7
47006,"Prince Albert","Prince Albert"," 116","Hoey",N,N,"",2,231,"Schmitt","","Heather","Maverick Party","Maverick Party",N,N,1
47006,"Prince Albert","Prince Albert"," 117","Ridgedale",N,N,"",0,284,"Graham","","Hamish","Green Party","Parti Vert",N,N,2
47006,"Prince Albert","Prince Albert"," 117","Ridgedale",N,N,"",0,284,"Hjertaas","","Estelle","Liberal","Libéral",N,N,6
47006,"Prince Albert","Prince Albert"," 117","Ridgedale",N,N,"",0,284,"Hoback","","Randy","Conservative","Conservateur",Y,Y,122
47006,"Prince Albert","Prince Albert"," 117","Ridgedale",N,N,"",0,284,"MacDougall","","Ken","NDP-New Democratic Party","NPD-Nouveau Parti démocratique",N,N,12
47006,"Prince Albert","Prince Albert"," 117","Ridgedale",N,N,"",0,284,"McCrea","","Joseph","People's Party - PPC","Parti populaire - PPC",N,N,19
47006,"Prince Albert","Prince Albert"," 117","Ridgedale",N,N,"",0,284,"Schmitt","","Heather","Maverick Party","Maverick Party",N,N,4
47006,"Prince Albert","Prince Albert"," 118","St-Laurent-Grandin",N,N,"",0,271,"Graham","","Hamish","Green Party","Parti Vert",N,N,1
47006,"Prince Albert","Prince Albert"," 118","St-Laurent-Grandin",N,N,"",0,271,"Hjertaas","","Estelle","Liberal","Libéral",N,N,17
47006,"Prince Albert","Prince Albert"," 118","St-Laurent-Grandin",N,N,"",0,271,"Hoback","","Randy","Conservative","Conservateur",Y,Y,104
47006,"Prince Albert","Prince Albert"," 118","St-Laurent-Grandin",N,N,"",0,271,"MacDougall","","Ken","NDP-New Democratic Party","NPD-Nouveau Parti démocratique",N,N,15
47006,"Prince Albert","Prince Albert"," 118","St-Laurent-Grandin",N,N,"",0,271,"McCrea","","Joseph","People's Party - PPC","Parti populaire - PPC",N,N,5
47006,"Prince Albert","Prince Albert"," 118","St-Laurent-Grandin",N,N,"",0,271,"Schmitt","","Heather","Maverick Party","Maverick Party",N,N,3
47006,"Prince Albert","Prince Albert"," 119","Kinistino",N,N,"",1,328,"Graham","","Hamish","Green Party","Parti Vert",N,N,1
47006,"Prince Albert","Prince Albert"," 119","Kinistino",N,N,"",1,328,"Hjertaas","","Estelle","Liberal","Libéral",N,N,11
47006,"Prince Albert","Prince Albert"," 119","Kinistino",N,N,"",1,328,"Hoback","","Randy","Conservative","Conservateur",Y,Y,73
47006,"Prince Albert","Prince Albert"," 119","Kinistino",N,N,"",1,328,"MacDougall","","Ken","NDP-New Democratic Party","NPD-Nouveau Parti démocratique",N,N,9
47006,"Prince Albert","Prince Albert"," 119","Kinistino",N,N,"",1,328,"McCrea","","Joseph","People's Party - PPC","Parti populaire - PPC",N,N,8
47006,"Prince Albert","Prince Albert"," 119","Kinistino",N,N,"",1,328,"Schmitt","","Heather","Maverick Party","Maverick Party",N,N,0
47006,"Prince Albert","Prince Albert"," 120","Kinistino",N,N,"",1,119,"Graham","","Hamish","Green Party","Parti Vert",N,N,2
47006,"Prince Albert","Prince Albert"," 120","Kinistino",N,N,"",1,119,"Hjertaas","","Estelle","Liberal","Libéral",N,N,3
47006,"Prince Albert","Prince Albert"," 120","Kinistino",N,N,"",1,119,"Hoback","","Randy","Conservative","Conservateur",Y,Y,51
47006,"Prince Albert","Prince Albert"," 120","Kinistino",N,N,"",1,119,"MacDougall","","Ken","NDP-New Democratic Party","NPD-Nouveau Parti démocratique",N,N,3
47006,"Prince Albert","Prince Albert"," 120","Kinistino",N,N,"",1,119,"McCrea","","Joseph","People's Party - PPC","Parti populaire - PPC",N,N,6
47006,"Prince Albert","Prince Albert"," 120","Kinistino",N,N,"",1,119,"Schmitt","","Heather","Maverick Party","Maverick Party",N,N,2
47006,"Prince Albert","Prince Albert"," 121","Kinistino",N,N,"",1,267,"Graham","","Hamish","Green Party","Parti Vert",N,N,1
47006,"Prince Albert","Prince Albert"," 121","Kinistino",N,N,"",1,267,"Hjertaas","","Estelle","Liberal","Libéral",N,N,3
47006,"Prince Albert","Prince Albert"," 121","Kinistino",N,N,"",1,267,"Hoback","","Randy","Conservative","Conservateur",Y,Y,136
47006,"Prince Albert","Prince Albert"," 121","Kinistino",N,N,"",1,267,"MacDougall","","Ken","NDP-New Democratic Party","NPD-Nouveau Parti démocratique",N,N,11
47006,"Prince Albert","Prince Albert"," 121","Kinistino",N,N,"",1,267,"McCrea","","Joseph","People's Party - PPC","Parti populaire - PPC",N,N,20
47006,"Prince Albert","Prince Albert"," 121","Kinistino",N,N,"",1,267,"Schmitt","","Heather","Maverick Party","Maverick Party",N,N,2
47006,"Prince Albert","Prince Albert"," 122","Zenon Park",N,N,"",3,226,"Graham","","Hamish","Green Party","Parti Vert",N,N,0
47006,"Prince Albert","Prince Albert"," 122","Zenon Park",N,N,"",3,226,"Hjertaas","","Estelle","Liberal","Libéral",N,N,22
47006,"Prince Albert","Prince Albert"," 122","Zenon Park",N,N,"",3,226,"Hoback","","Randy","Conservative","Conservateur",Y,Y,90
47006,"Prince Albert","Prince Albert"," 122","Zenon Park",N,N,"",3,226,"MacDougall","","Ken","NDP-New Democratic Party","NPD-Nouveau Parti démocratique",N,N,14
47006,"Prince Albert","Prince Albert"," 122","Zenon Park",N,N,"",3,226,"McCrea","","Joseph","People's Party - PPC","Parti populaire - PPC",N,N,16
47006,"Prince Albert","Prince Albert"," 122","Zenon Park",N,N,"",3,226,"Schmitt","","Heather","Maverick Party","Maverick Party",N,N,6
47006,"Prince Albert","Prince Albert"," 123","Beatty",N,N,"",0,284,"Graham","","Hamish","Green Party","Parti Vert",N,N,0
47006,"Prince Albert","Prince Albert"," 123","Beatty",N,N,"",0,284,"Hjertaas","","Estelle","Liberal","Libéral",N,N,3
47006,"Prince Albert","Prince Albert"," 123","Beatty",N,N,"",0,284,"Hoback","","Randy","Conservative","Conservateur",Y,Y,114
47006,"Prince Albert","Prince Albert"," 123","Beatty",N,N,"",0,284,"MacDougall","","Ken","NDP-New Democratic Party","NPD-Nouveau Parti démocratique",N,N,8
47006,"Prince Albert","Prince Albert"," 123","Beatty",N,N,"",0,284,"McCrea","","Joseph","People's Party - PPC","Parti populaire - PPC",N,N,18
47006,"Prince Albert","Prince Albert"," 123","Beatty",N,N,"",0,284,"Schmitt","","Heather","Maverick Party","Maverick Party",N,N,2
47006,"Prince Albert","Prince Albert"," 124","One Arrow 95",N,N,"",0,228,"Graham","","Hamish","Green Party","Parti Vert",N,N,2
47006,"Prince Albert","Prince Albert"," 124","One Arrow 95",N,N,"",0,228,"Hjertaas","","Estelle","Liberal","Libéral",N,N,29
47006,"Prince Albert","Prince Albert"," 124","One Arrow 95",N,N,"",0,228,"Hoback","","Randy","Conservative","Conservateur",Y,Y,10
47006,"Prince Albert","Prince Albert"," 124","One Arrow 95",N,N,"",0,228,"MacDougall","","Ken","NDP-New Democratic Party","NPD-Nouveau Parti démocratique",N,N,41
47006,"Prince Albert","Prince Albert"," 124","One Arrow 95",N,N,"",0,228,"McCrea","","Joseph","People's Party - PPC","Parti populaire - PPC",N,N,2
47006,"Prince Albert","Prince Albert"," 124","One Arrow 95",N,N,"",0,228,"Schmitt","","Heather","Maverick Party","Maverick Party",N,N,0
47006,"Prince Albert","Prince Albert"," 125","Domremy",N,N,"",0,256,"Graham","","Hamish","Green Party","Parti Vert",N,N,0
47006,"Prince Albert","Prince Albert"," 125","Domremy",N,N,"",0,256,"Hjertaas","","Estelle","Liberal","Libéral",N,N,5
47006,"Prince Albert","Prince Albert"," 125","Domremy",N,N,"",0,256,"Hoback","","Randy","Conservative","Conservateur",Y,Y,78
47006,"Prince Albert","Prince Albert"," 125","Domremy",N,N,"",0,256,"MacDougall","","Ken","NDP-New Democratic Party","NPD-Nouveau Parti démocratique",N,N,15
47006,"Prince Albert","Prince Albert"," 125","Domremy",N,N,"",0,256,"McCrea","","Joseph","People's Party - PPC","Parti populaire - PPC",N,N,3
47006,"Prince Albert","Prince Albert"," 125","Domremy",N,N,"",0,256,"Schmitt","","Heather","Maverick Party","Maverick Party",N,N,0
47006,"Prince Albert","Prince Albert"," 126","Arborfield",N,N,"",0,262,"Graham","","Hamish","Green Party","Parti Vert",N,N,3
47006,"Prince Albert","Prince Albert"," 126","Arborfield",N,N,"",0,262,"Hjertaas","","Estelle","Liberal","Libéral",N,N,4
47006,"Prince Albert","Prince Albert"," 126","Arborfield",N,N,"",0,262,"Hoback","","Randy","Conservative","Conservateur",Y,Y,130
47006,"Prince Albert","Prince Albert"," 126","Arborfield",N,N,"",0,262,"MacDougall","","Ken","NDP-New Democratic Party","NPD-Nouveau Parti démocratique",N,N,9
47006,"Prince Albert","Prince Albert"," 126","Arborfield",N,N,"",0,262,"McCrea","","Joseph","People's Party - PPC","Parti populaire - PPC",N,N,13
47006,"Prince Albert","Prince Albert"," 126","Arborfield",N,N,"",0,262,"Schmitt","","Heather","Maverick Party","Maverick Party",N,N,6
47006,"Prince Albert","Prince Albert"," 127","Arborfield",N,N,"",0,204,"Graham","","Hamish","Green Party","Parti Vert",N,N,0
47006,"Prince Albert","Prince Albert"," 127","Arborfield",N,N,"",0,204,"Hjertaas","","Estelle","Liberal","Libéral",N,N,3
47006,"Prince Albert","Prince Albert"," 127","Arborfield",N,N,"",0,204,"Hoback","","Randy","Conservative","Conservateur",Y,Y,110
47006,"Prince Albert","Prince Albert"," 127","Arborfield",N,N,"",0,204,"MacDougall","","Ken","NDP-New Democratic Party","NPD-Nouveau Parti démocratique",N,N,2
47006,"Prince Albert","Prince Albert"," 127","Arborfield",N,N,"",0,204,"McCrea","","Joseph","People's Party - PPC","Parti populaire - PPC",N,N,8
47006,"Prince Albert","Prince Albert"," 127","Arborfield",N,N,"",0,204,"Schmitt","","Heather","Maverick Party","Maverick Party",N,N,8
47006,"Prince Albert","Prince Albert"," 128","Waitville",N,N,"",0,156,"Graham","","Hamish","Green Party","Parti Vert",N,N,1
47006,"Prince Albert","Prince Albert"," 128","Waitville",N,N,"",0,156,"Hjertaas","","Estelle","Liberal","Libéral",N,N,8
47006,"Prince Albert","Prince Albert"," 128","Waitville",N,N,"",0,156,"Hoback","","Randy","Conservative","Conservateur",Y,Y,69
47006,"Prince Albert","Prince Albert"," 128","Waitville",N,N,"",0,156,"MacDougall","","Ken","NDP-New Democratic Party","NPD-Nouveau Parti démocratique",N,N,11
47006,"Prince Albert","Prince Albert"," 128","Waitville",N,N,"",0,156,"McCrea","","Joseph","People's Party - PPC","Parti populaire - PPC",N,N,4
47006,"Prince Albert","Prince Albert"," 128","Waitville",N,N,"",0,156,"Schmitt","","Heather","Maverick Party","Maverick Party",N,N,0
47006,"Prince Albert","Prince Albert"," 129","Crystal Springs",N,N,"",1,271,"Graham","","Hamish","Green Party","Parti Vert",N,N,0
47006,"Prince Albert","Prince Albert"," 129","Crystal Springs",N,N,"",1,271,"Hjertaas","","Estelle","Liberal","Libéral",N,N,9
47006,"Prince Albert","Prince Albert"," 129","Crystal Springs",N,N,"",1,271,"Hoback","","Randy","Conservative","Conservateur",Y,Y,111
47006,"Prince Albert","Prince Albert"," 129","Crystal Springs",N,N,"",1,271,"MacDougall","","Ken","NDP-New Democratic Party","NPD-Nouveau Parti démocratique",N,N,23
47006,"Prince Albert","Prince Albert"," 129","Crystal Springs",N,N,"",1,271,"McCrea","","Joseph","People's Party - PPC","Parti populaire - PPC",N,N,12
47006,"Prince Albert","Prince Albert"," 129","Crystal Springs",N,N,"",1,271,"Schmitt","","Heather","Maverick Party","Maverick Party",N,N,1
47006,"Prince Albert","Prince Albert"," 130","Melfort",N,N,"",1,409,"Graham","","Hamish","Green Party","Parti Vert",N,N,1
47006,"Prince Albert","Prince Albert"," 130","Melfort",N,N,"",1,409,"Hjertaas","","Estelle","Liberal","Libéral",N,N,7
47006,"Prince Albert","Prince Albert"," 130","Melfort",N,N,"",1,409,"Hoback","","Randy","Conservative","Conservateur",Y,Y,81
47006,"Prince Albert","Prince Albert"," 130","Melfort",N,N,"",1,409,"MacDougall","","Ken","NDP-New Democratic Party","NPD-Nouveau Parti démocratique",N,N,16
47006,"Prince Albert","Prince Albert"," 130","Melfort",N,N,"",1,409,"McCrea","","Joseph","People's Party - PPC","Parti populaire - PPC",N,N,11
47006,"Prince Albert","Prince Albert"," 130","Melfort",N,N,"",1,409,"Schmitt","","Heather","Maverick Party","Maverick Party",N,N,4
47006,"Prince Albert","Prince Albert"," 131","Melfort",N,N,"",0,526,"Graham","","Hamish","Green Party","Parti Vert",N,N,1
47006,"Prince Albert","Prince Albert"," 131","Melfort",N,N,"",0,526,"Hjertaas","","Estelle","Liberal","Libéral",N,N,8
47006,"Prince Albert","Prince Albert"," 131","Melfort",N,N,"",0,526,"Hoback","","Randy","Conservative","Conservateur",Y,Y,113
47006,"Prince Albert","Prince Albert"," 131","Melfort",N,N,"",0,526,"MacDougall","","Ken","NDP-New Democratic Party","NPD-Nouveau Parti démocratique",N,N,14
47006,"Prince Albert","Prince Albert"," 131","Melfort",N,N,"",0,526,"McCrea","","Joseph","People's Party - PPC","Parti populaire - PPC",N,N,12
47006,"Prince Albert","Prince Albert"," 131","Melfort",N,N,"",0,526,"Schmitt","","Heather","Maverick Party","Maverick Party",N,N,5
47006,"Prince Albert","Prince Albert"," 132","Melfort",N,N,"",1,538,"Graham","","Hamish","Green Party","Parti Vert",N,N,1
47006,"Prince Albert","Prince Albert"," 132","Melfort",N,N,"",1,538,"Hjertaas","","Estelle","Liberal","Libéral",N,N,15
47006,"Prince Albert","Prince Albert"," 132","Melfort",N,N,"",1,538,"Hoback","","Randy","Conservative","Conservateur",Y,Y,96
47006,"Prince Albert","Prince Albert"," 132","Melfort",N,N,"",1,538,"MacDougall","","Ken","NDP-New Democratic Party","NPD-Nouveau Parti démocratique",N,N,17
47006,"Prince Albert","Prince Albert"," 132","Melfort",N,N,"",1,538,"McCrea","","Joseph","People's Party - PPC","Parti populaire - PPC",N,N,7
47006,"Prince Albert","Prince Albert"," 132","Melfort",N,N,"",1,538,"Schmitt","","Heather","Maverick Party","Maverick Party",N,N,1
47006,"Prince Albert","Prince Albert"," 133","Melfort",N,N,"",0,405,"Graham","","Hamish","Green Party","Parti Vert",N,N,0
47006,"Prince Albert","Prince Albert"," 133","Melfort",N,N,"",0,405,"Hjertaas","","Estelle","Liberal","Libéral",N,N,6
47006,"Prince Albert","Prince Albert"," 133","Melfort",N,N,"",0,405,"Hoback","","Randy","Conservative","Conservateur",Y,Y,124
47006,"Prince Albert","Prince Albert"," 133","Melfort",N,N,"",0,405,"MacDougall","","Ken","NDP-New Democratic Party","NPD-Nouveau Parti démocratique",N,N,23
47006,"Prince Albert","Prince Albert"," 133","Melfort",N,N,"",0,405,"McCrea","","Joseph","People's Party - PPC","Parti populaire - PPC",N,N,10
47006,"Prince Albert","Prince Albert"," 133","Melfort",N,N,"",0,405,"Schmitt","","Heather","Maverick Party","Maverick Party",N,N,4
47006,"Prince Albert","Prince Albert"," 134","Melfort",N,N,"",0,528,"Graham","","Hamish","Green Party","Parti Vert",N,N,0
47006,"Prince Albert","Prince Albert"," 134","Melfort",N,N,"",0,528,"Hjertaas","","Estelle","Liberal","Libéral",N,N,8
47006,"Prince Albert","Prince Albert"," 134","Melfort",N,N,"",0,528,"Hoback","","Randy","Conservative","Conservateur",Y,Y,102
47006,"Prince Albert","Prince Albert"," 134","Melfort",N,N,"",0,528,"MacDougall","","Ken","NDP-New Democratic Party","NPD-Nouveau Parti démocratique",N,N,23
47006,"Prince Albert","Prince Albert"," 134","Melfort",N,N,"",0,528,"McCrea","","Joseph","People's Party - PPC","Parti populaire - PPC",N,N,12
47006,"Prince Albert","Prince Albert"," 134","Melfort",N,N,"",0,528,"Schmitt","","Heather","Maverick Party","Maverick Party",N,N,0
47006,"Prince Albert","Prince Albert"," 135","Melfort",N,N,"",0,465,"Graham","","Hamish","Green Party","Parti Vert",N,N,4
47006,"Prince Albert","Prince Albert"," 135","Melfort",N,N,"",0,465,"Hjertaas","","Estelle","Liberal","Libéral",N,N,11
47006,"Prince Albert","Prince Albert"," 135","Melfort",N,N,"",0,465,"Hoback","","Randy","Conservative","Conservateur",Y,Y,108
47006,"Prince Albert","Prince Albert"," 135","Melfort",N,N,"",0,465,"MacDougall","","Ken","NDP-New Democratic Party","NPD-Nouveau Parti démocratique",N,N,33
47006,"Prince Albert","Prince Albert"," 135","Melfort",N,N,"",0,465,"McCrea","","Joseph","People's Party - PPC","Parti populaire - PPC",N,N,11
47006,"Prince Albert","Prince Albert"," 135","Melfort",N,N,"",0,465,"Schmitt","","Heather","Maverick Party","Maverick Party",N,N,3
47006,"Prince Albert","Prince Albert"," 136","Melfort",N,N,"",0,366,"Graham","","Hamish","Green Party","Parti Vert",N,N,0
47006,"Prince Albert","Prince Albert"," 136","Melfort",N,N,"",0,366,"Hjertaas","","Estelle","Liberal","Libéral",N,N,8
47006,"Prince Albert","Prince Albert"," 136","Melfort",N,N,"",0,366,"Hoback","","Randy","Conservative","Conservateur",Y,Y,87
47006,"Prince Albert","Prince Albert"," 136","Melfort",N,N,"",0,366,"MacDougall","","Ken","NDP-New Democratic Party","NPD-Nouveau Parti démocratique",N,N,8
47006,"Prince Albert","Prince Albert"," 136","Melfort",N,N,"",0,366,"McCrea","","Joseph","People's Party - PPC","Parti populaire - PPC",N,N,9
47006,"Prince Albert","Prince Albert"," 136","Melfort",N,N,"",0,366,"Schmitt","","Heather","Maverick Party","Maverick Party",N,N,2
47006,"Prince Albert","Prince Albert"," 137","Melfort",N,N,"",0,499,"Graham","","Hamish","Green Party","Parti Vert",N,N,0
47006,"Prince Albert","Prince Albert"," 137","Melfort",N,N,"",0,499,"Hjertaas","","Estelle","Liberal","Libéral",N,N,11
47006,"Prince Albert","Prince Albert"," 137","Melfort",N,N,"",0,499,"Hoback","","Randy","Conservative","Conservateur",Y,Y,131
47006,"Prince Albert","Prince Albert"," 137","Melfort",N,N,"",0,499,"MacDougall","","Ken","NDP-New Democratic Party","NPD-Nouveau Parti démocratique",N,N,20
47006,"Prince Albert","Prince Albert"," 137","Melfort",N,N,"",0,499,"McCrea","","Joseph","People's Party - PPC","Parti populaire - PPC",N,N,8
47006,"Prince Albert","Prince Albert"," 137","Melfort",N,N,"",0,499,"Schmitt","","Heather","Maverick Party","Maverick Party",N,N,2
47006,"Prince Albert","Prince Albert"," 138","Melfort",N,N,"",1,538,"Graham","","Hamish","Green Party","Parti Vert",N,N,2
47006,"Prince Albert","Prince Albert"," 138","Melfort",N,N,"",1,538,"Hjertaas","","Estelle","Liberal","Libéral",N,N,9
47006,"Prince Albert","Prince Albert"," 138","Melfort",N,N,"",1,538,"Hoback","","Randy","Conservative","Conservateur",Y,Y,173
47006,"Prince Albert","Prince Albert"," 138","Melfort",N,N,"",1,538,"MacDougall","","Ken","NDP-New Democratic Party","NPD-Nouveau Parti démocratique",N,N,28
47006,"Prince Albert","Prince Albert"," 138","Melfort",N,N,"",1,538,"McCrea","","Joseph","People's Party - PPC","Parti populaire - PPC",N,N,20
47006,"Prince Albert","Prince Albert"," 138","Melfort",N,N,"",1,538,"Schmitt","","Heather","Maverick Party","Maverick Party",N,N,2
47006,"Prince Albert","Prince Albert"," 139","Melfort",N,N,"",0,305,"Graham","","Hamish","Green Party","Parti Vert",N,N,1
47006,"Prince Albert","Prince Albert"," 139","Melfort",N,N,"",0,305,"Hjertaas","","Estelle","Liberal","Libéral",N,N,2
47006,"Prince Albert","Prince Albert"," 139","Melfort",N,N,"",0,305,"Hoback","","Randy","Conservative","Conservateur",Y,Y,88
47006,"Prince Albert","Prince Albert"," 139","Melfort",N,N,"",0,305,"MacDougall","","Ken","NDP-New Democratic Party","NPD-Nouveau Parti démocratique",N,N,16
47006,"Prince Albert","Prince Albert"," 139","Melfort",N,N,"",0,305,"McCrea","","Joseph","People's Party - PPC","Parti populaire - PPC",N,N,12
47006,"Prince Albert","Prince Albert"," 139","Melfort",N,N,"",0,305,"Schmitt","","Heather","Maverick Party","Maverick Party",N,N,0
47006,"Prince Albert","Prince Albert"," 140","Flett Springs",N,N,"",0,305,"Graham","","Hamish","Green Party","Parti Vert",N,N,0
47006,"Prince Albert","Prince Albert"," 140","Flett Springs",N,N,"",0,305,"Hjertaas","","Estelle","Liberal","Libéral",N,N,2
47006,"Prince Albert","Prince Albert"," 140","Flett Springs",N,N,"",0,305,"Hoback","","Randy","Conservative","Conservateur",Y,Y,109
47006,"Prince Albert","Prince Albert"," 140","Flett Springs",N,N,"",0,305,"MacDougall","","Ken","NDP-New Democratic Party","NPD-Nouveau Parti démocratique",N,N,5
47006,"Prince Albert","Prince Albert"," 140","Flett Springs",N,N,"",0,305,"McCrea","","Joseph","People's Party - PPC","Parti populaire - PPC",N,N,6
47006,"Prince Albert","Prince Albert"," 140","Flett Springs",N,N,"",0,305,"Schmitt","","Heather","Maverick Party","Maverick Party",N,N,4
47006,"Prince Albert","Prince Albert"," 141","Tisdale",N,N,"",0,203,"Graham","","Hamish","Green Party","Parti Vert",N,N,2
47006,"Prince Albert","Prince Albert"," 141","Tisdale",N,N,"",0,203,"Hjertaas","","Estelle","Liberal","Libéral",N,N,2
47006,"Prince Albert","Prince Albert"," 141","Tisdale",N,N,"",0,203,"Hoback","","Randy","Conservative","Conservateur",Y,Y,62
47006,"Prince Albert","Prince Albert"," 141","Tisdale",N,N,"",0,203,"MacDougall","","Ken","NDP-New Democratic Party","NPD-Nouveau Parti démocratique",N,N,3
47006,"Prince Albert","Prince Albert"," 141","Tisdale",N,N,"",0,203,"McCrea","","Joseph","People's Party - PPC","Parti populaire - PPC",N,N,7
47006,"Prince Albert","Prince Albert"," 141","Tisdale",N,N,"",0,203,"Schmitt","","Heather","Maverick Party","Maverick Party",N,N,3
47006,"Prince Albert","Prince Albert"," 142","Tisdale",N,N,"",0,356,"Graham","","Hamish","Green Party","Parti Vert",N,N,1
47006,"Prince Albert","Prince Albert"," 142","Tisdale",N,N,"",0,356,"Hjertaas","","Estelle","Liberal","Libéral",N,N,3
47006,"Prince Albert","Prince Albert"," 142","Tisdale",N,N,"",0,356,"Hoback","","Randy","Conservative","Conservateur",Y,Y,115
47006,"Prince Albert","Prince Albert"," 142","Tisdale",N,N,"",0,356,"MacDougall","","Ken","NDP-New Democratic Party","NPD-Nouveau Parti démocratique",N,N,9
47006,"Prince Albert","Prince Albert"," 142","Tisdale",N,N,"",0,356,"McCrea","","Joseph","People's Party - PPC","Parti populaire - PPC",N,N,6
47006,"Prince Albert","Prince Albert"," 142","Tisdale",N,N,"",0,356,"Schmitt","","Heather","Maverick Party","Maverick Party",N,N,1
47006,"Prince Albert","Prince Albert"," 143","Star City",N,N,"",1,374,"Graham","","Hamish","Green Party","Parti Vert",N,N,2
47006,"Prince Albert","Prince Albert"," 143","Star City",N,N,"",1,374,"Hjertaas","","Estelle","Liberal","Libéral",N,N,8
47006,"Prince Albert","Prince Albert"," 143","Star City",N,N,"",1,374,"Hoback","","Randy","Conservative","Conservateur",Y,Y,161
47006,"Prince Albert","Prince Albert"," 143","Star City",N,N,"",1,374,"MacDougall","","Ken","NDP-New Democratic Party","NPD-Nouveau Parti démocratique",N,N,20
47006,"Prince Albert","Prince Albert"," 143","Star City",N,N,"",1,374,"McCrea","","Joseph","People's Party - PPC","Parti populaire - PPC",N,N,17
47006,"Prince Albert","Prince Albert"," 143","Star City",N,N,"",1,374,"Schmitt","","Heather","Maverick Party","Maverick Party",N,N,7
47006,"Prince Albert","Prince Albert"," 144","Star City",N,N,"",0,324,"Graham","","Hamish","Green Party","Parti Vert",N,N,7
47006,"Prince Albert","Prince Albert"," 144","Star City",N,N,"",0,324,"Hjertaas","","Estelle","Liberal","Libéral",N,N,7
47006,"Prince Albert","Prince Albert"," 144","Star City",N,N,"",0,324,"Hoback","","Randy","Conservative","Conservateur",Y,Y,125
47006,"Prince Albert","Prince Albert"," 144","Star City",N,N,"",0,324,"MacDougall","","Ken","NDP-New Democratic Party","NPD-Nouveau Parti démocratique",N,N,8
47006,"Prince Albert","Prince Albert"," 144","Star City",N,N,"",0,324,"McCrea","","Joseph","People's Party - PPC","Parti populaire - PPC",N,N,16
47006,"Prince Albert","Prince Albert"," 144","Star City",N,N,"",0,324,"Schmitt","","Heather","Maverick Party","Maverick Party",N,N,1
47006,"Prince Albert","Prince Albert"," 145","Tisdale",N,N,"",0,504,"Graham","","Hamish","Green Party","Parti Vert",N,N,1
47006,"Prince Albert","Prince Albert"," 145","Tisdale",N,N,"",0,504,"Hjertaas","","Estelle","Liberal","Libéral",N,N,2
47006,"Prince Albert","Prince Albert"," 145","Tisdale",N,N,"",0,504,"Hoback","","Randy","Conservative","Conservateur",Y,Y,147
47006,"Prince Albert","Prince Albert"," 145","Tisdale",N,N,"",0,504,"MacDougall","","Ken","NDP-New Democratic Party","NPD-Nouveau Parti démocratique",N,N,20
47006,"Prince Albert","Prince Albert"," 145","Tisdale",N,N,"",0,504,"McCrea","","Joseph","People's Party - PPC","Parti populaire - PPC",N,N,10
47006,"Prince Albert","Prince Albert"," 145","Tisdale",N,N,"",0,504,"Schmitt","","Heather","Maverick Party","Maverick Party",N,N,2
47006,"Prince Albert","Prince Albert"," 146","Tisdale",N,N,"",0,316,"Graham","","Hamish","Green Party","Parti Vert",N,N,0
47006,"Prince Albert","Prince Albert"," 146","Tisdale",N,N,"",0,316,"Hjertaas","","Estelle","Liberal","Libéral",N,N,3
47006,"Prince Albert","Prince Albert"," 146","Tisdale",N,N,"",0,316,"Hoback","","Randy","Conservative","Conservateur",Y,Y,77
47006,"Prince Albert","Prince Albert"," 146","Tisdale",N,N,"",0,316,"MacDougall","","Ken","NDP-New Democratic Party","NPD-Nouveau Parti démocratique",N,N,13
47006,"Prince Albert","Prince Albert"," 146","Tisdale",N,N,"",0,316,"McCrea","","Joseph","People's Party - PPC","Parti populaire - PPC",N,N,11
47006,"Prince Albert","Prince Albert"," 146","Tisdale",N,N,"",0,316,"Schmitt","","Heather","Maverick Party","Maverick Party",N,N,2
47006,"Prince Albert","Prince Albert"," 147","Tisdale",N,N,"",1,316,"Graham","","Hamish","Green Party","Parti Vert",N,N,2
47006,"Prince Albert","Prince Albert"," 147","Tisdale",N,N,"",1,316,"Hjertaas","","Estelle","Liberal","Libéral",N,N,1
47006,"Prince Albert","Prince Albert"," 147","Tisdale",N,N,"",1,316,"Hoback","","Randy","Conservative","Conservateur",Y,Y,80
47006,"Prince Albert","Prince Albert"," 147","Tisdale",N,N,"",1,316,"MacDougall","","Ken","NDP-New Democratic Party","NPD-Nouveau Parti démocratique",N,N,10
47006,"Prince Albert","Prince Albert"," 147","Tisdale",N,N,"",1,316,"McCrea","","Joseph","People's Party - PPC","Parti populaire - PPC",N,N,8
47006,"Prince Albert","Prince Albert"," 147","Tisdale",N,N,"",1,316,"Schmitt","","Heather","Maverick Party","Maverick Party",N,N,3
47006,"Prince Albert","Prince Albert"," 148","Tisdale",N,N,"",0,313,"Graham","","Hamish","Green Party","Parti Vert",N,N,2
47006,"Prince Albert","Prince Albert"," 148","Tisdale",N,N,"",0,313,"Hjertaas","","Estelle","Liberal","Libéral",N,N,6
47006,"Prince Albert","Prince Albert"," 148","Tisdale",N,N,"",0,313,"Hoback","","Randy","Conservative","Conservateur",Y,Y,52
47006,"Prince Albert","Prince Albert"," 148","Tisdale",N,N,"",0,313,"MacDougall","","Ken","NDP-New Democratic Party","NPD-Nouveau Parti démocratique",N,N,9
47006,"Prince Albert","Prince Albert"," 148","Tisdale",N,N,"",0,313,"McCrea","","Joseph","People's Party - PPC","Parti populaire - PPC",N,N,7
47006,"Prince Albert","Prince Albert"," 148","Tisdale",N,N,"",0,313,"Schmitt","","Heather","Maverick Party","Maverick Party",N,N,0
47006,"Prince Albert","Prince Albert"," 149","Tisdale",N,N,"",0,236,"Graham","","Hamish","Green Party","Parti Vert",N,N,0
47006,"Prince Albert","Prince Albert"," 149","Tisdale",N,N,"",0,236,"Hjertaas","","Estelle","Liberal","Libéral",N,N,7
47006,"Prince Albert","Prince Albert"," 149","Tisdale",N,N,"",0,236,"Hoback","","Randy","Conservative","Conservateur",Y,Y,62
47006,"Prince Albert","Prince Albert"," 149","Tisdale",N,N,"",0,236,"MacDougall","","Ken","NDP-New Democratic Party","NPD-Nouveau Parti démocratique",N,N,14
47006,"Prince Albert","Prince Albert"," 149","Tisdale",N,N,"",0,236,"McCrea","","Joseph","People's Party - PPC","Parti populaire - PPC",N,N,4
47006,"Prince Albert","Prince Albert"," 149","Tisdale",N,N,"",0,236,"Schmitt","","Heather","Maverick Party","Maverick Party",N,N,1
47006,"Prince Albert","Prince Albert"," 150","Tisdale",N,N,"",0,241,"Graham","","Hamish","Green Party","Parti Vert",N,N,0
47006,"Prince Albert","Prince Albert"," 150","Tisdale",N,N,"",0,241,"Hjertaas","","Estelle","Liberal","Libéral",N,N,11
47006,"Prince Albert","Prince Albert"," 150","Tisdale",N,N,"",0,241,"Hoback","","Randy","Conservative","Conservateur",Y,Y,70
47006,"Prince Albert","Prince Albert"," 150","Tisdale",N,N,"",0,241,"MacDougall","","Ken","NDP-New Democratic Party","NPD-Nouveau Parti démocratique",N,N,10
47006,"Prince Albert","Prince Albert"," 150","Tisdale",N,N,"",0,241,"McCrea","","Joseph","People's Party - PPC","Parti populaire - PPC",N,N,11
47006,"Prince Albert","Prince Albert"," 150","Tisdale",N,N,"",0,241,"Schmitt","","Heather","Maverick Party","Maverick Party",N,N,2
47006,"Prince Albert","Prince Albert"," 151","Tisdale",N,N,"",0,191,"Graham","","Hamish","Green Party","Parti Vert",N,N,1
47006,"Prince Albert","Prince Albert"," 151","Tisdale",N,N,"",0,191,"Hjertaas","","Estelle","Liberal","Libéral",N,N,3
47006,"Prince Albert","Prince Albert"," 151","Tisdale",N,N,"",0,191,"Hoback","","Randy","Conservative","Conservateur",Y,Y,62
47006,"Prince Albert","Prince Albert"," 151","Tisdale",N,N,"",0,191,"MacDougall","","Ken","NDP-New Democratic Party","NPD-Nouveau Parti démocratique",N,N,5
47006,"Prince Albert","Prince Albert"," 151","Tisdale",N,N,"",0,191,"McCrea","","Joseph","People's Party - PPC","Parti populaire - PPC",N,N,3
47006,"Prince Albert","Prince Albert"," 151","Tisdale",N,N,"",0,191,"Schmitt","","Heather","Maverick Party","Maverick Party",N,N,1
47006,"Prince Albert","Prince Albert"," 152","Sylvania",N,N,"",0,248,"Graham","","Hamish","Green Party","Parti Vert",N,N,1
47006,"Prince Albert","Prince Albert"," 152","Sylvania",N,N,"",0,248,"Hjertaas","","Estelle","Liberal","Libéral",N,N,4
47006,"Prince Albert","Prince Albert"," 152","Sylvania",N,N,"",0,248,"Hoback","","Randy","Conservative","Conservateur",Y,Y,110
47006,"Prince Albert","Prince Albert"," 152","Sylvania",N,N,"",0,248,"MacDougall","","Ken","NDP-New Democratic Party","NPD-Nouveau Parti démocratique",N,N,6
47006,"Prince Albert","Prince Albert"," 152","Sylvania",N,N,"",0,248,"McCrea","","Joseph","People's Party - PPC","Parti populaire - PPC",N,N,15
47006,"Prince Albert","Prince Albert"," 152","Sylvania",N,N,"",0,248,"Schmitt","","Heather","Maverick Party","Maverick Party",N,N,3
47006,"Prince Albert","Prince Albert"," 500","Mobile poll/Bureau itinérant",N,N,"",1,38,"Graham","","Hamish","Green Party","Parti Vert",N,N,0
47006,"Prince Albert","Prince Albert"," 500","Mobile poll/Bureau itinérant",N,N,"",1,38,"Hjertaas","","Estelle","Liberal","Libéral",N,N,2
47006,"Prince Albert","Prince Albert"," 500","Mobile poll/Bureau itinérant",N,N,"",1,38,"Hoback","","Randy","Conservative","Conservateur",Y,Y,6
47006,"Prince Albert","Prince Albert"," 500","Mobile poll/Bureau itinérant",N,N,"",1,38,"MacDougall","","Ken","NDP-New Democratic Party","NPD-Nouveau Parti démocratique",N,N,2
47006,"Prince Albert","Prince Albert"," 500","Mobile poll/Bureau itinérant",N,N,"",1,38,"McCrea","","Joseph","People's Party - PPC","Parti populaire - PPC",N,N,0
47006,"Prince Albert","Prince Albert"," 500","Mobile poll/Bureau itinérant",N,N,"",1,38,"Schmitt","","Heather","Maverick Party","Maverick Party",N,N,0
47006,"Prince Albert","Prince Albert"," 501","Mobile poll/Bureau itinérant",N,N,"",2,69,"Graham","","Hamish","Green Party","Parti Vert",N,N,0
47006,"Prince Albert","Prince Albert"," 501","Mobile poll/Bureau itinérant",N,N,"",2,69,"Hjertaas","","Estelle","Liberal","Libéral",N,N,6
47006,"Prince Albert","Prince Albert"," 501","Mobile poll/Bureau itinérant",N,N,"",2,69,"Hoback","","Randy","Conservative","Conservateur",Y,Y,18
47006,"Prince Albert","Prince Albert"," 501","Mobile poll/Bureau itinérant",N,N,"",2,69,"MacDougall","","Ken","NDP-New Democratic Party","NPD-Nouveau Parti démocratique",N,N,7
47006,"Prince Albert","Prince Albert"," 501","Mobile poll/Bureau itinérant",N,N,"",2,69,"McCrea","","Joseph","People's Party - PPC","Parti populaire - PPC",N,N,3
47006,"Prince Albert","Prince Albert"," 501","Mobile poll/Bureau itinérant",N,N,"",2,69,"Schmitt","","Heather","Maverick Party","Maverick Party",N,N,1
47006,"Prince Albert","Prince Albert"," 502","Mobile poll/Bureau itinérant",N,N,"",6,82,"Graham","","Hamish","Green Party","Parti Vert",N,N,1
47006,"Prince Albert","Prince Albert"," 502","Mobile poll/Bureau itinérant",N,N,"",6,82,"Hjertaas","","Estelle","Liberal","Libéral",N,N,18
47006,"Prince Albert","Prince Albert"," 502","Mobile poll/Bureau itinérant",N,N,"",6,82,"Hoback","","Randy","Conservative","Conservateur",Y,Y,21
47006,"Prince Albert","Prince Albert"," 502","Mobile poll/Bureau itinérant",N,N,"",6,82,"MacDougall","","Ken","NDP-New Democratic Party","NPD-Nouveau Parti démocratique",N,N,12
47006,"Prince Albert","Prince Albert"," 502","Mobile poll/Bureau itinérant",N,N,"",6,82,"McCrea","","Joseph","People's Party - PPC","Parti populaire - PPC",N,N,6
47006,"Prince Albert","Prince Albert"," 502","Mobile poll/Bureau itinérant",N,N,"",6,82,"Schmitt","","Heather","Maverick Party","Maverick Party",N,N,1
47006,"Prince Albert","Prince Albert"," 503","Mobile poll/Bureau itinérant",N,N,"",0,9,"Graham","","Hamish","Green Party","Parti Vert",N,N,2
47006,"Prince Albert","Prince Albert"," 503","Mobile poll/Bureau itinérant",N,N,"",0,9,"Hjertaas","","Estelle","Liberal","Libéral",N,N,2
47006,"Prince Albert","Prince Albert"," 503","Mobile poll/Bureau itinérant",N,N,"",0,9,"Hoback","","Randy","Conservative","Conservateur",Y,Y,2
47006,"Prince Albert","Prince Albert"," 503","Mobile poll/Bureau itinérant",N,N,"",0,9,"MacDougall","","Ken","NDP-New Democratic Party","NPD-Nouveau Parti démocratique",N,N,1
47006,"Prince Albert","Prince Albert"," 503","Mobile poll/Bureau itinérant",N,N,"",0,9,"McCrea","","Joseph","People's Party - PPC","Parti populaire - PPC",N,N,0
47006,"Prince Albert","Prince Albert"," 503","Mobile poll/Bureau itinérant",N,N,"",0,9,"Schmitt","","Heather","Maverick Party","Maverick Party",N,N,0
47006,"Prince Albert","Prince Albert"," 504","Mobile poll/Bureau itinérant",N,N,"",0,14,"Graham","","Hamish","Green Party","Parti Vert",N,N,0
47006,"Prince Albert","Prince Albert"," 504","Mobile poll/Bureau itinérant",N,N,"",0,14,"Hjertaas","","Estelle","Liberal","Libéral",N,N,4
47006,"Prince Albert","Prince Albert"," 504","Mobile poll/Bureau itinérant",N,N,"",0,14,"Hoback","","Randy","Conservative","Conservateur",Y,Y,4
47006,"Prince Albert","Prince Albert"," 504","Mobile poll/Bureau itinérant",N,N,"",0,14,"MacDougall","","Ken","NDP-New Democratic Party","NPD-Nouveau Parti démocratique",N,N,3
47006,"Prince Albert","Prince Albert"," 504","Mobile poll/Bureau itinérant",N,N,"",0,14,"McCrea","","Joseph","People's Party - PPC","Parti populaire - PPC",N,N,1
47006,"Prince Albert","Prince Albert"," 504","Mobile poll/Bureau itinérant",N,N,"",0,14,"Schmitt","","Heather","Maverick Party","Maverick Party",N,N,0
47006,"Prince Albert","Prince Albert"," 505","Mobile poll/Bureau itinérant",N,N,"",2,126,"Graham","","Hamish","Green Party","Parti Vert",N,N,1
47006,"Prince Albert","Prince Albert"," 505","Mobile poll/Bureau itinérant",N,N,"",2,126,"Hjertaas","","Estelle","Liberal","Libéral",N,N,6
47006,"Prince Albert","Prince Albert"," 505","Mobile poll/Bureau itinérant",N,N,"",2,126,"Hoback","","Randy","Conservative","Conservateur",Y,Y,14
47006,"Prince Albert","Prince Albert"," 505","Mobile poll/Bureau itinérant",N,N,"",2,126,"MacDougall","","Ken","NDP-New Democratic Party","NPD-Nouveau Parti démocratique",N,N,8
47006,"Prince Albert","Prince Albert"," 505","Mobile poll/Bureau itinérant",N,N,"",2,126,"McCrea","","Joseph","People's Party - PPC","Parti populaire - PPC",N,N,2
47006,"Prince Albert","Prince Albert"," 505","Mobile poll/Bureau itinérant",N,N,"",2,126,"Schmitt","","Heather","Maverick Party","Maverick Party",N,N,0
47006,"Prince Albert","Prince Albert"," 506","Mobile poll/Bureau itinérant",N,N,"",0,11,"Graham","","Hamish","Green Party","Parti Vert",N,N,0
47006,"Prince Albert","Prince Albert"," 506","Mobile poll/Bureau itinérant",N,N,"",0,11,"Hjertaas","","Estelle","Liberal","Libéral",N,N,2
47006,"Prince Albert","Prince Albert"," 506","Mobile poll/Bureau itinérant",N,N,"",0,11,"Hoback","","Randy","Conservative","Conservateur",Y,Y,1
47006,"Prince Albert","Prince Albert"," 506","Mobile poll/Bureau itinérant",N,N,"",0,11,"MacDougall","","Ken","NDP-New Democratic Party","NPD-Nouveau Parti démocratique",N,N,4
47006,"Prince Albert","Prince Albert"," 506","Mobile poll/Bureau itinérant",N,N,"",0,11,"McCrea","","Joseph","People's Party - PPC","Parti populaire - PPC",N,N,1
47006,"Prince Albert","Prince Albert"," 506","Mobile poll/Bureau itinérant",N,N,"",0,11,"Schmitt","","Heather","Maverick Party","Maverick Party",N,N,0
47006,"Prince Albert","Prince Albert"," 507","Mobile poll/Bureau itinérant",N,N,"",2,46,"Graham","","Hamish","Green Party","Parti Vert",N,N,0
47006,"Prince Albert","Prince Albert"," 507","Mobile poll/Bureau itinérant",N,N,"",2,46,"Hjertaas","","Estelle","Liberal","Libéral",N,N,6
47006,"Prince Albert","Prince Albert"," 507","Mobile poll/Bureau itinérant",N,N,"",2,46,"Hoback","","Randy","Conservative","Conservateur",Y,Y,10
47006,"Prince Albert","Prince Albert"," 507","Mobile poll/Bureau itinérant",N,N,"",2,46,"MacDougall","","Ken","NDP-New Democratic Party","NPD-Nouveau Parti démocratique",N,N,3
47006,"Prince Albert","Prince Albert"," 507","Mobile poll/Bureau itinérant",N,N,"",2,46,"McCrea","","Joseph","People's Party - PPC","Parti populaire - PPC",N,N,0
47006,"Prince Albert","Prince Albert"," 507","Mobile poll/Bureau itinérant",N,N,"",2,46,"Schmitt","","Heather","Maverick Party","Maverick Party",N,N,0
47006,"Prince Albert","Prince Albert"," 508","Mobile poll/Bureau itinérant",N,N,"",1,60,"Graham","","Hamish","Green Party","Parti Vert",N,N,2
47006,"Prince Albert","Prince Albert"," 508","Mobile poll/Bureau itinérant",N,N,"",1,60,"Hjertaas","","Estelle","Liberal","Libéral",N,N,8
47006,"Prince Albert","Prince Albert"," 508","Mobile poll/Bureau itinérant",N,N,"",1,60,"Hoback","","Randy","Conservative","Conservateur",Y,Y,25
47006,"Prince Albert","Prince Albert"," 508","Mobile poll/Bureau itinérant",N,N,"",1,60,"MacDougall","","Ken","NDP-New Democratic Party","NPD-Nouveau Parti démocratique",N,N,6
47006,"Prince Albert","Prince Albert"," 508","Mobile poll/Bureau itinérant",N,N,"",1,60,"McCrea","","Joseph","People's Party - PPC","Parti populaire - PPC",N,N,0
47006,"Prince Albert","Prince Albert"," 508","Mobile poll/Bureau itinérant",N,N,"",1,60,"Schmitt","","Heather","Maverick Party","Maverick Party",N,N,0
47006,"Prince Albert","Prince Albert"," 509","Mobile poll/Bureau itinérant",N,N,"",0,25,"Graham","","Hamish","Green Party","Parti Vert",N,N,2
47006,"Prince Albert","Prince Albert"," 509","Mobile poll/Bureau itinérant",N,N,"",0,25,"Hjertaas","","Estelle","Liberal","Libéral",N,N,5
47006,"Prince Albert","Prince Albert"," 509","Mobile poll/Bureau itinérant",N,N,"",0,25,"Hoback","","Randy","Conservative","Conservateur",Y,Y,8
47006,"Prince Albert","Prince Albert"," 509","Mobile poll/Bureau itinérant",N,N,"",0,25,"MacDougall","","Ken","NDP-New Democratic Party","NPD-Nouveau Parti démocratique",N,N,1
47006,"Prince Albert","Prince Albert"," 509","Mobile poll/Bureau itinérant",N,N,"",0,25,"McCrea","","Joseph","People's Party - PPC","Parti populaire - PPC",N,N,1
47006,"Prince Albert","Prince Albert"," 509","Mobile poll/Bureau itinérant",N,N,"",0,25,"Schmitt","","Heather","Maverick Party","Maverick Party",N,N,0
47006,"Prince Albert","Prince Albert"," 510","Mobile poll/Bureau itinérant",N,N,"",0,18,"Graham","","Hamish","Green Party","Parti Vert",N,N,0
47006,"Prince Albert","Prince Albert"," 510","Mobile poll/Bureau itinérant",N,N,"",0,18,"Hjertaas","","Estelle","Liberal","Libéral",N,N,3
47006,"Prince Albert","Prince Albert"," 510","Mobile poll/Bureau itinérant",N,N,"",0,18,"Hoback","","Randy","Conservative","Conservateur",Y,Y,5
47006,"Prince Albert","Prince Albert"," 510","Mobile poll/Bureau itinérant",N,N,"",0,18,"MacDougall","","Ken","NDP-New Democratic Party","NPD-Nouveau Parti démocratique",N,N,1
47006,"Prince Albert","Prince Albert"," 510","Mobile poll/Bureau itinérant",N,N,"",0,18,"McCrea","","Joseph","People's Party - PPC","Parti populaire - PPC",N,N,1
47006,"Prince Albert","Prince Albert"," 510","Mobile poll/Bureau itinérant",N,N,"",0,18,"Schmitt","","Heather","Maverick Party","Maverick Party",N,N,0
47006,"Prince Albert","Prince Albert"," 511","Mobile poll/Bureau itinérant",N,N,"",0,75,"Graham","","Hamish","Green Party","Parti Vert",N,N,0
47006,"Prince Albert","Prince Albert"," 511","Mobile poll/Bureau itinérant",N,N,"",0,75,"Hjertaas","","Estelle","Liberal","Libéral",N,N,6
47006,"Prince Albert","Prince Albert"," 511","Mobile poll/Bureau itinérant",N,N,"",0,75,"Hoback","","Randy","Conservative","Conservateur",Y,Y,44
47006,"Prince Albert","Prince Albert"," 511","Mobile poll/Bureau itinérant",N,N,"",0,75,"MacDougall","","Ken","NDP-New Democratic Party","NPD-Nouveau Parti démocratique",N,N,8
47006,"Prince Albert","Prince Albert"," 511","Mobile poll/Bureau itinérant",N,N,"",0,75,"McCrea","","Joseph","People's Party - PPC","Parti populaire - PPC",N,N,0
47006,"Prince Albert","Prince Albert"," 511","Mobile poll/Bureau itinérant",N,N,"",0,75,"Schmitt","","Heather","Maverick Party","Maverick Party",N,N,0
47006,"Prince Albert","Prince Albert"," 512","Mobile poll/Bureau itinérant",N,N,"",1,17,"Graham","","Hamish","Green Party","Parti Vert",N,N,0
47006,"Prince Albert","Prince Albert"," 512","Mobile poll/Bureau itinérant",N,N,"",1,17,"Hjertaas","","Estelle","Liberal","Libéral",N,N,0
47006,"Prince Albert","Prince Albert"," 512","Mobile poll/Bureau itinérant",N,N,"",1,17,"Hoback","","Randy","Conservative","Conservateur",Y,Y,6
47006,"Prince Albert","Prince Albert"," 512","Mobile poll/Bureau itinérant",N,N,"",1,17,"MacDougall","","Ken","NDP-New Democratic Party","NPD-Nouveau Parti démocratique",N,N,7
47006,"Prince Albert","Prince Albert"," 512","Mobile poll/Bureau itinérant",N,N,"",1,17,"McCrea","","Joseph","People's Party - PPC","Parti populaire - PPC",N,N,0
47006,"Prince Albert","Prince Albert"," 512","Mobile poll/Bureau itinérant",N,N,"",1,17,"Schmitt","","Heather","Maverick Party","Maverick Party",N,N,0
47006,"Prince Albert","Prince Albert"," 513","Mobile poll/Bureau itinérant",N,N,"",0,92,"Graham","","Hamish","Green Party","Parti Vert",N,N,1
47006,"Prince Albert","Prince Albert"," 513","Mobile poll/Bureau itinérant",N,N,"",0,92,"Hjertaas","","Estelle","Liberal","Libéral",N,N,7
47006,"Prince Albert","Prince Albert"," 513","Mobile poll/Bureau itinérant",N,N,"",0,92,"Hoback","","Randy","Conservative","Conservateur",Y,Y,17
47006,"Prince Albert","Prince Albert"," 513","Mobile poll/Bureau itinérant",N,N,"",0,92,"MacDougall","","Ken","NDP-New Democratic Party","NPD-Nouveau Parti démocratique",N,N,10
47006,"Prince Albert","Prince Albert"," 513","Mobile poll/Bureau itinérant",N,N,"",0,92,"McCrea","","Joseph","People's Party - PPC","Parti populaire - PPC",N,N,1
47006,"Prince Albert","Prince Albert"," 513","Mobile poll/Bureau itinérant",N,N,"",0,92,"Schmitt","","Heather","Maverick Party","Maverick Party",N,N,1
47006,"Prince Albert","Prince Albert"," 514","Mobile poll/Bureau itinérant",N,Y,"",0,37,"Graham","","Hamish","Green Party","Parti Vert",N,N,0
47006,"Prince Albert","Prince Albert"," 514","Mobile poll/Bureau itinérant",N,Y,"",0,37,"Hjertaas","","Estelle","Liberal","Libéral",N,N,0
47006,"Prince Albert","Prince Albert"," 514","Mobile poll/Bureau itinérant",N,Y,"",0,37,"Hoback","","Randy","Conservative","Conservateur",Y,Y,0
47006,"Prince Albert","Prince Albert"," 514","Mobile poll/Bureau itinérant",N,Y,"",0,37,"MacDougall","","Ken","NDP-New Democratic Party","NPD-Nouveau Parti démocratique",N,N,0
47006,"Prince Albert","Prince Albert"," 514","Mobile poll/Bureau itinérant",N,Y,"",0,37,"McCrea","","Joseph","People's Party - PPC","Parti populaire - PPC",N,N,0
47006,"Prince Albert","Prince Albert"," 514","Mobile poll/Bureau itinérant",N,Y,"",0,37,"Schmitt","","Heather","Maverick Party","Maverick Party",N,N,0
47006,"Prince Albert","Prince Albert"," 515","Mobile poll/Bureau itinérant",N,N,"",0,21,"Graham","","Hamish","Green Party","Parti Vert",N,N,0
47006,"Prince Albert","Prince Albert"," 515","Mobile poll/Bureau itinérant",N,N,"",0,21,"Hjertaas","","Estelle","Liberal","Libéral",N,N,1
47006,"Prince Albert","Prince Albert"," 515","Mobile poll/Bureau itinérant",N,N,"",0,21,"Hoback","","Randy","Conservative","Conservateur",Y,Y,13
47006,"Prince Albert","Prince Albert"," 515","Mobile poll/Bureau itinérant",N,N,"",0,21,"MacDougall","","Ken","NDP-New Democratic Party","NPD-Nouveau Parti démocratique",N,N,3
47006,"Prince Albert","Prince Albert"," 515","Mobile poll/Bureau itinérant",N,N,"",0,21,"McCrea","","Joseph","People's Party - PPC","Parti populaire - PPC",N,N,0
47006,"Prince Albert","Prince Albert"," 515","Mobile poll/Bureau itinérant",N,N,"",0,21,"Schmitt","","Heather","Maverick Party","Maverick Party",N,N,0
47006,"Prince Albert","Prince Albert"," 516","Mobile poll/Bureau itinérant",N,N,"",0,32,"Graham","","Hamish","Green Party","Parti Vert",N,N,0
47006,"Prince Albert","Prince Albert"," 516","Mobile poll/Bureau itinérant",N,N,"",0,32,"Hjertaas","","Estelle","Liberal","Libéral",N,N,2
47006,"Prince Albert","Prince Albert"," 516","Mobile poll/Bureau itinérant",N,N,"",0,32,"Hoback","","Randy","Conservative","Conservateur",Y,Y,9
47006,"Prince Albert","Prince Albert"," 516","Mobile poll/Bureau itinérant",N,N,"",0,32,"MacDougall","","Ken","NDP-New Democratic Party","NPD-Nouveau Parti démocratique",N,N,2
47006,"Prince Albert","Prince Albert"," 516","Mobile poll/Bureau itinérant",N,N,"",0,32,"McCrea","","Joseph","People's Party - PPC","Parti populaire - PPC",N,N,0
47006,"Prince Albert","Prince Albert"," 516","Mobile poll/Bureau itinérant",N,N,"",0,32,"Schmitt","","Heather","Maverick Party","Maverick Party",N,N,0
47006,"Prince Albert","Prince Albert"," 517","Mobile poll/Bureau itinérant",N,N,"",0,69,"Graham","","Hamish","Green Party","Parti Vert",N,N,0
47006,"Prince Albert","Prince Albert"," 517","Mobile poll/Bureau itinérant",N,N,"",0,69,"Hjertaas","","Estelle","Liberal","Libéral",N,N,2
47006,"Prince Albert","Prince Albert"," 517","Mobile poll/Bureau itinérant",N,N,"",0,69,"Hoback","","Randy","Conservative","Conservateur",Y,Y,16
47006,"Prince Albert","Prince Albert"," 517","Mobile poll/Bureau itinérant",N,N,"",0,69,"MacDougall","","Ken","NDP-New Democratic Party","NPD-Nouveau Parti démocratique",N,N,9
47006,"Prince Albert","Prince Albert"," 517","Mobile poll/Bureau itinérant",N,N,"",0,69,"McCrea","","Joseph","People's Party - PPC","Parti populaire - PPC",N,N,0
47006,"Prince Albert","Prince Albert"," 517","Mobile poll/Bureau itinérant",N,N,"",0,69,"Schmitt","","Heather","Maverick Party","Maverick Party",N,N,0
47006,"Prince Albert","Prince Albert"," 518","Mobile poll/Bureau itinérant",N,N,"135",0,108,"Graham","","Hamish","Green Party","Parti Vert",N,N,0
47006,"Prince Albert","Prince Albert"," 518","Mobile poll/Bureau itinérant",N,N,"135",0,108,"Hjertaas","","Estelle","Liberal","Libéral",N,N,0
47006,"Prince Albert","Prince Albert"," 518","Mobile poll/Bureau itinérant",N,N,"135",0,108,"Hoback","","Randy","Conservative","Conservateur",Y,Y,0
47006,"Prince Albert","Prince Albert"," 518","Mobile poll/Bureau itinérant",N,N,"135",0,108,"MacDougall","","Ken","NDP-New Democratic Party","NPD-Nouveau Parti démocratique",N,N,0
47006,"Prince Albert","Prince Albert"," 518","Mobile poll/Bureau itinérant",N,N,"135",0,108,"McCrea","","Joseph","People's Party - PPC","Parti populaire - PPC",N,N,0
47006,"Prince Albert","Prince Albert"," 518","Mobile poll/Bureau itinérant",N,N,"135",0,108,"Schmitt","","Heather","Maverick Party","Maverick Party",N,N,0
47006,"Prince Albert","Prince Albert"," 519","Mobile poll/Bureau itinérant",N,N,"",0,25,"Graham","","Hamish","Green Party","Parti Vert",N,N,1
47006,"Prince Albert","Prince Albert"," 519","Mobile poll/Bureau itinérant",N,N,"",0,25,"Hjertaas","","Estelle","Liberal","Libéral",N,N,0
47006,"Prince Albert","Prince Albert"," 519","Mobile poll/Bureau itinérant",N,N,"",0,25,"Hoback","","Randy","Conservative","Conservateur",Y,Y,9
47006,"Prince Albert","Prince Albert"," 519","Mobile poll/Bureau itinérant",N,N,"",0,25,"MacDougall","","Ken","NDP-New Democratic Party","NPD-Nouveau Parti démocratique",N,N,7
47006,"Prince Albert","Prince Albert"," 519","Mobile poll/Bureau itinérant",N,N,"",0,25,"McCrea","","Joseph","People's Party - PPC","Parti populaire - PPC",N,N,0
47006,"Prince Albert","Prince Albert"," 519","Mobile poll/Bureau itinérant",N,N,"",0,25,"Schmitt","","Heather","Maverick Party","Maverick Party",N,N,0
47006,"Prince Albert","Prince Albert"," 520","Mobile poll/Bureau itinérant",N,N,"",1,19,"Graham","","Hamish","Green Party","Parti Vert",N,N,0
47006,"Prince Albert","Prince Albert"," 520","Mobile poll/Bureau itinérant",N,N,"",1,19,"Hjertaas","","Estelle","Liberal","Libéral",N,N,5
47006,"Prince Albert","Prince Albert"," 520","Mobile poll/Bureau itinérant",N,N,"",1,19,"Hoback","","Randy","Conservative","Conservateur",Y,Y,4
47006,"Prince Albert","Prince Albert"," 520","Mobile poll/Bureau itinérant",N,N,"",1,19,"MacDougall","","Ken","NDP-New Democratic Party","NPD-Nouveau Parti démocratique",N,N,4
47006,"Prince Albert","Prince Albert"," 520","Mobile poll/Bureau itinérant",N,N,"",1,19,"McCrea","","Joseph","People's Party - PPC","Parti populaire - PPC",N,N,0
47006,"Prince Albert","Prince Albert"," 520","Mobile poll/Bureau itinérant",N,N,"",1,19,"Schmitt","","Heather","Maverick Party","Maverick Party",N,N,0
47006,"Prince Albert","Prince Albert"," 521","Mobile poll/Bureau itinérant",N,N,"",0,30,"Graham","","Hamish","Green Party","Parti Vert",N,N,0
47006,"Prince Albert","Prince Albert"," 521","Mobile poll/Bureau itinérant",N,N,"",0,30,"Hjertaas","","Estelle","Liberal","Libéral",N,N,1
47006,"Prince Albert","Prince Albert"," 521","Mobile poll/Bureau itinérant",N,N,"",0,30,"Hoback","","Randy","Conservative","Conservateur",Y,Y,6
47006,"Prince Albert","Prince Albert"," 521","Mobile poll/Bureau itinérant",N,N,"",0,30,"MacDougall","","Ken","NDP-New Democratic Party","NPD-Nouveau Parti démocratique",N,N,2
47006,"Prince Albert","Prince Albert"," 521","Mobile poll/Bureau itinérant",N,N,"",0,30,"McCrea","","Joseph","People's Party - PPC","Parti populaire - PPC",N,N,0
47006,"Prince Albert","Prince Albert"," 521","Mobile poll/Bureau itinérant",N,N,"",0,30,"Schmitt","","Heather","Maverick Party","Maverick Party",N,N,0
47006,"Prince Albert","Prince Albert"," 522","Mobile poll/Bureau itinérant",N,N,"",1,11,"Graham","","Hamish","Green Party","Parti Vert",N,N,0
47006,"Prince Albert","Prince Albert"," 522","Mobile poll/Bureau itinérant",N,N,"",1,11,"Hjertaas","","Estelle","Liberal","Libéral",N,N,0
47006,"Prince Albert","Prince Albert"," 522","Mobile poll/Bureau itinérant",N,N,"",1,11,"Hoback","","Randy","Conservative","Conservateur",Y,Y,3
47006,"Prince Albert","Prince Albert"," 522","Mobile poll/Bureau itinérant",N,N,"",1,11,"MacDougall","","Ken","NDP-New Democratic Party","NPD-Nouveau Parti démocratique",N,N,3
47006,"Prince Albert","Prince Albert"," 522","Mobile poll/Bureau itinérant",N,N,"",1,11,"McCrea","","Joseph","People's Party - PPC","Parti populaire - PPC",N,N,1
47006,"Prince Albert","Prince Albert"," 522","Mobile poll/Bureau itinérant",N,N,"",1,11,"Schmitt","","Heather","Maverick Party","Maverick Party",N,N,0
47006,"Prince Albert","Prince Albert"," 523","Mobile poll/Bureau itinérant",N,N,"",0,16,"Graham","","Hamish","Green Party","Parti Vert",N,N,0
47006,"Prince Albert","Prince Albert"," 523","Mobile poll/Bureau itinérant",N,N,"",0,16,"Hjertaas","","Estelle","Liberal","Libéral",N,N,0
47006,"Prince Albert","Prince Albert"," 523","Mobile poll/Bureau itinérant",N,N,"",0,16,"Hoback","","Randy","Conservative","Conservateur",Y,Y,6
47006,"Prince Albert","Prince Albert"," 523","Mobile poll/Bureau itinérant",N,N,"",0,16,"MacDougall","","Ken","NDP-New Democratic Party","NPD-Nouveau Parti démocratique",N,N,5
47006,"Prince Albert","Prince Albert"," 523","Mobile poll/Bureau itinérant",N,N,"",0,16,"McCrea","","Joseph","People's Party - PPC","Parti populaire - PPC",N,N,1
47006,"Prince Albert","Prince Albert"," 523","Mobile poll/Bureau itinérant",N,N,"",0,16,"Schmitt","","Heather","Maverick Party","Maverick Party",N,N,0
47006,"Prince Albert","Prince Albert"," 524","Mobile poll/Bureau itinérant",N,N,"",0,19,"Graham","","Hamish","Green Party","Parti Vert",N,N,1
47006,"Prince Albert","Prince Albert"," 524","Mobile poll/Bureau itinérant",N,N,"",0,19,"Hjertaas","","Estelle","Liberal","Libéral",N,N,1
47006,"Prince Albert","Prince Albert"," 524","Mobile poll/Bureau itinérant",N,N,"",0,19,"Hoback","","Randy","Conservative","Conservateur",Y,Y,10
47006,"Prince Albert","Prince Albert"," 524","Mobile poll/Bureau itinérant",N,N,"",0,19,"MacDougall","","Ken","NDP-New Democratic Party","NPD-Nouveau Parti démocratique",N,N,2
47006,"Prince Albert","Prince Albert"," 524","Mobile poll/Bureau itinérant",N,N,"",0,19,"McCrea","","Joseph","People's Party - PPC","Parti populaire - PPC",N,N,0
47006,"Prince Albert","Prince Albert"," 524","Mobile poll/Bureau itinérant",N,N,"",0,19,"Schmitt","","Heather","Maverick Party","Maverick Party",N,N,0
47006,"Prince Albert","Prince Albert"," 600","Shellbrook",N,N,"",1,0,"Graham","","Hamish","Green Party","Parti Vert",N,N,7
47006,"Prince Albert","Prince Albert"," 600","Shellbrook",N,N,"",1,0,"Hjertaas","","Estelle","Liberal","Libéral",N,N,34
47006,"Prince Albert","Prince Albert"," 600","Shellbrook",N,N,"",1,0,"Hoback","","Randy","Conservative","Conservateur",Y,Y,549
47006,"Prince Albert","Prince Albert"," 600","Shellbrook",N,N,"",1,0,"MacDougall","","Ken","NDP-New Democratic Party","NPD-Nouveau Parti démocratique",N,N,73
47006,"Prince Albert","Prince Albert"," 600","Shellbrook",N,N,"",1,0,"McCrea","","Joseph","People's Party - PPC","Parti populaire - PPC",N,N,25
47006,"Prince Albert","Prince Albert"," 600","Shellbrook",N,N,"",1,0,"Schmitt","","Heather","Maverick Party","Maverick Party",N,N,8
47006,"Prince Albert","Prince Albert"," 601","Birson",N,N,"",0,0,"Graham","","Hamish","Green Party","Parti Vert",N,N,4
47006,"Prince Albert","Prince Albert"," 601","Birson",N,N,"",0,0,"Hjertaas","","Estelle","Liberal","Libéral",N,N,41
47006,"Prince Albert","Prince Albert"," 601","Birson",N,N,"",0,0,"Hoback","","Randy","Conservative","Conservateur",Y,Y,368
47006,"Prince Albert","Prince Albert"," 601","Birson",N,N,"",0,0,"MacDougall","","Ken","NDP-New Democratic Party","NPD-Nouveau Parti démocratique",N,N,29
47006,"Prince Albert","Prince Albert"," 601","Birson",N,N,"",0,0,"McCrea","","Joseph","People's Party - PPC","Parti populaire - PPC",N,N,40
47006,"Prince Albert","Prince Albert"," 601","Birson",N,N,"",0,0,"Schmitt","","Heather","Maverick Party","Maverick Party",N,N,11
47006,"Prince Albert","Prince Albert"," 602","Prince Albert",N,N,"",4,0,"Graham","","Hamish","Green Party","Parti Vert",N,N,7
47006,"Prince Albert","Prince Albert"," 602","Prince Albert",N,N,"",4,0,"Hjertaas","","Estelle","Liberal","Libéral",N,N,83
47006,"Prince Albert","Prince Albert"," 602","Prince Albert",N,N,"",4,0,"Hoback","","Randy","Conservative","Conservateur",Y,Y,390
47006,"Prince Albert","Prince Albert"," 602","Prince Albert",N,N,"",4,0,"MacDougall","","Ken","NDP-New Democratic Party","NPD-Nouveau Parti démocratique",N,N,102
47006,"Prince Albert","Prince Albert"," 602","Prince Albert",N,N,"",4,0,"McCrea","","Joseph","People's Party - PPC","Parti populaire - PPC",N,N,38
47006,"Prince Albert","Prince Albert"," 602","Prince Albert",N,N,"",4,0,"Schmitt","","Heather","Maverick Party","Maverick Party",N,N,2
47006,"Prince Albert","Prince Albert"," 603","Prince Albert",N,N,"",2,0,"Graham","","Hamish","Green Party","Parti Vert",N,N,3
47006,"Prince Albert","Prince Albert"," 603","Prince Albert",N,N,"",2,0,"Hjertaas","","Estelle","Liberal","Libéral",N,N,101
47006,"Prince Albert","Prince Albert"," 603","Prince Albert",N,N,"",2,0,"Hoback","","Randy","Conservative","Conservateur",Y,Y,380
47006,"Prince Albert","Prince Albert"," 603","Prince Albert",N,N,"",2,0,"MacDougall","","Ken","NDP-New Democratic Party","NPD-Nouveau Parti démocratique",N,N,87
47006,"Prince Albert","Prince Albert"," 603","Prince Albert",N,N,"",2,0,"McCrea","","Joseph","People's Party - PPC","Parti populaire - PPC",N,N,32
47006,"Prince Albert","Prince Albert"," 603","Prince Albert",N,N,"",2,0,"Schmitt","","Heather","Maverick Party","Maverick Party",N,N,8
47006,"Prince Albert","Prince Albert"," 604","Prince Albert",N,N,"",2,0,"Graham","","Hamish","Green Party","Parti Vert",N,N,6
47006,"Prince Albert","Prince Albert"," 604","Prince Albert",N,N,"",2,0,"Hjertaas","","Estelle","Liberal","Libéral",N,N,146
47006,"Prince Albert","Prince Albert"," 604","Prince Albert",N,N,"",2,0,"Hoback","","Randy","Conservative","Conservateur",Y,Y,786
47006,"Prince Albert","Prince Albert"," 604","Prince Albert",N,N,"",2,0,"MacDougall","","Ken","NDP-New Democratic Party","NPD-Nouveau Parti démocratique",N,N,154
47006,"Prince Albert","Prince Albert"," 604","Prince Albert",N,N,"",2,0,"McCrea","","Joseph","People's Party - PPC","Parti populaire - PPC",N,N,38
47006,"Prince Albert","Prince Albert"," 604","Prince Albert",N,N,"",2,0,"Schmitt","","Heather","Maverick Party","Maverick Party",N,N,9
47006,"Prince Albert","Prince Albert"," 605","Prince Albert",N,N,"",1,0,"Graham","","Hamish","Green Party","Parti Vert",N,N,12
47006,"Prince Albert","Prince Albert"," 605","Prince Albert",N,N,"",1,0,"Hjertaas","","Estelle","Liberal","Libéral",N,N,100
47006,"Prince Albert","Prince Albert"," 605","Prince Albert",N,N,"",1,0,"Hoback","","Randy","Conservative","Conservateur",Y,Y,453
47006,"Prince Albert","Prince Albert"," 605","Prince Albert",N,N,"",1,0,"MacDougall","","Ken","NDP-New Democratic Party","NPD-Nouveau Parti démocratique",N,N,93
47006,"Prince Albert","Prince Albert"," 605","Prince Albert",N,N,"",1,0,"McCrea","","Joseph","People's Party - PPC","Parti populaire - PPC",N,N,43
47006,"Prince Albert","Prince Albert"," 605","Prince Albert",N,N,"",1,0,"Schmitt","","Heather","Maverick Party","Maverick Party",N,N,9
47006,"Prince Albert","Prince Albert"," 606","Prince Albert",N,N,"",1,0,"Graham","","Hamish","Green Party","Parti Vert",N,N,3
47006,"Prince Albert","Prince Albert"," 606","Prince Albert",N,N,"",1,0,"Hjertaas","","Estelle","Liberal","Libéral",N,N,78
47006,"Prince Albert","Prince Albert"," 606","Prince Albert",N,N,"",1,0,"Hoback","","Randy","Conservative","Conservateur",Y,Y,247
47006,"Prince Albert","Prince Albert"," 606","Prince Albert",N,N,"",1,0,"MacDougall","","Ken","NDP-New Democratic Party","NPD-Nouveau Parti démocratique",N,N,81
47006,"Prince Albert","Prince Albert"," 606","Prince Albert",N,N,"",1,0,"McCrea","","Joseph","People's Party - PPC","Parti populaire - PPC",N,N,27
47006,"Prince Albert","Prince Albert"," 606","Prince Albert",N,N,"",1,0,"Schmitt","","Heather","Maverick Party","Maverick Party",N,N,7
47006,"Prince Albert","Prince Albert"," 607","Prince Albert",N,N,"",3,0,"Graham","","Hamish","Green Party","Parti Vert",N,N,4
47006,"Prince Albert","Prince Albert"," 607","Prince Albert",N,N,"",3,0,"Hjertaas","","Estelle","Liberal","Libéral",N,N,122
47006,"Prince Albert","Prince Albert"," 607","Prince Albert",N,N,"",3,0,"Hoback","","Randy","Conservative","Conservateur",Y,Y,569
47006,"Prince Albert","Prince Albert"," 607","Prince Albert",N,N,"",3,0,"MacDougall","","Ken","NDP-New Democratic Party","NPD-Nouveau Parti démocratique",N,N,127
47006,"Prince Albert","Prince Albert"," 607","Prince Albert",N,N,"",3,0,"McCrea","","Joseph","People's Party - PPC","Parti populaire - PPC",N,N,70
47006,"Prince Albert","Prince Albert"," 607","Prince Albert",N,N,"",3,0,"Schmitt","","Heather","Maverick Party","Maverick Party",N,N,8
47006,"Prince Albert","Prince Albert"," 608","Buckland",N,N,"",2,0,"Graham","","Hamish","Green Party","Parti Vert",N,N,9
47006,"Prince Albert","Prince Albert"," 608","Buckland",N,N,"",2,0,"Hjertaas","","Estelle","Liberal","Libéral",N,N,43
47006,"Prince Albert","Prince Albert"," 608","Buckland",N,N,"",2,0,"Hoback","","Randy","Conservative","Conservateur",Y,Y,443
47006,"Prince Albert","Prince Albert"," 608","Buckland",N,N,"",2,0,"MacDougall","","Ken","NDP-New Democratic Party","NPD-Nouveau Parti démocratique",N,N,57
47006,"Prince Albert","Prince Albert"," 608","Buckland",N,N,"",2,0,"McCrea","","Joseph","People's Party - PPC","Parti populaire - PPC",N,N,68
47006,"Prince Albert","Prince Albert"," 608","Buckland",N,N,"",2,0,"Schmitt","","Heather","Maverick Party","Maverick Party",N,N,15
47006,"Prince Albert","Prince Albert"," 609","Smeaton",N,N,"",1,0,"Graham","","Hamish","Green Party","Parti Vert",N,N,1
47006,"Prince Albert","Prince Albert"," 609","Smeaton",N,N,"",1,0,"Hjertaas","","Estelle","Liberal","Libéral",N,N,14
47006,"Prince Albert","Prince Albert"," 609","Smeaton",N,N,"",1,0,"Hoback","","Randy","Conservative","Conservateur",Y,Y,214
47006,"Prince Albert","Prince Albert"," 609","Smeaton",N,N,"",1,0,"MacDougall","","Ken","NDP-New Democratic Party","NPD-Nouveau Parti démocratique",N,N,21
47006,"Prince Albert","Prince Albert"," 609","Smeaton",N,N,"",1,0,"McCrea","","Joseph","People's Party - PPC","Parti populaire - PPC",N,N,21
47006,"Prince Albert","Prince Albert"," 609","Smeaton",N,N,"",1,0,"Schmitt","","Heather","Maverick Party","Maverick Party",N,N,7
47006,"Prince Albert","Prince Albert"," 610","Nipawin",N,N,"",0,0,"Graham","","Hamish","Green Party","Parti Vert",N,N,15
47006,"Prince Albert","Prince Albert"," 610","Nipawin",N,N,"",0,0,"Hjertaas","","Estelle","Liberal","Libéral",N,N,48
47006,"Prince Albert","Prince Albert"," 610","Nipawin",N,N,"",0,0,"Hoback","","Randy","Conservative","Conservateur",Y,Y,843
47006,"Prince Albert","Prince Albert"," 610","Nipawin",N,N,"",0,0,"MacDougall","","Ken","NDP-New Democratic Party","NPD-Nouveau Parti démocratique",N,N,89
47006,"Prince Albert","Prince Albert"," 610","Nipawin",N,N,"",0,0,"McCrea","","Joseph","People's Party - PPC","Parti populaire - PPC",N,N,106
47006,"Prince Albert","Prince Albert"," 610","Nipawin",N,N,"",0,0,"Schmitt","","Heather","Maverick Party","Maverick Party",N,N,17
47006,"Prince Albert","Prince Albert"," 611","Carrot River",N,N,"",0,0,"Graham","","Hamish","Green Party","Parti Vert",N,N,2
47006,"Prince Albert","Prince Albert"," 611","Carrot River",N,N,"",0,0,"Hjertaas","","Estelle","Liberal","Libéral",N,N,21
47006,"Prince Albert","Prince Albert"," 611","Carrot River",N,N,"",0,0,"Hoback","","Randy","Conservative","Conservateur",Y,Y,356
47006,"Prince Albert","Prince Albert"," 611","Carrot River",N,N,"",0,0,"MacDougall","","Ken","NDP-New Democratic Party","NPD-Nouveau Parti démocratique",N,N,27
47006,"Prince Albert","Prince Albert"," 611","Carrot River",N,N,"",0,0,"McCrea","","Joseph","People's Party - PPC","Parti populaire - PPC",N,N,31
47006,"Prince Albert","Prince Albert"," 611","Carrot River",N,N,"",0,0,"Schmitt","","Heather","Maverick Party","Maverick Party",N,N,25
47006,"Prince Albert","Prince Albert"," 612","Tisdale",N,N,"",2,0,"Graham","","Hamish","Green Party","Parti Vert",N,N,6
47006,"Prince Albert","Prince Albert"," 612","Tisdale",N,N,"",2,0,"Hjertaas","","Estelle","Liberal","Libéral",N,N,52
47006,"Prince Albert","Prince Albert"," 612","Tisdale",N,N,"",2,0,"Hoback","","Randy","Conservative","Conservateur",Y,Y,855
47006,"Prince Albert","Prince Albert"," 612","Tisdale",N,N,"",2,0,"MacDougall","","Ken","NDP-New Democratic Party","NPD-Nouveau Parti démocratique",N,N,96
47006,"Prince Albert","Prince Albert"," 612","Tisdale",N,N,"",2,0,"McCrea","","Joseph","People's Party - PPC","Parti populaire - PPC",N,N,73
47006,"Prince Albert","Prince Albert"," 612","Tisdale",N,N,"",2,0,"Schmitt","","Heather","Maverick Party","Maverick Party",N,N,14
47006,"Prince Albert","Prince Albert"," 613","Melfort",N,N,"",5,0,"Graham","","Hamish","Green Party","Parti Vert",N,N,6
47006,"Prince Albert","Prince Albert"," 613","Melfort",N,N,"",5,0,"Hjertaas","","Estelle","Liberal","Libéral",N,N,51
47006,"Prince Albert","Prince Albert"," 613","Melfort",N,N,"",5,0,"Hoback","","Randy","Conservative","Conservateur",Y,Y,697
47006,"Prince Albert","Prince Albert"," 613","Melfort",N,N,"",5,0,"MacDougall","","Ken","NDP-New Democratic Party","NPD-Nouveau Parti démocratique",N,N,73
47006,"Prince Albert","Prince Albert"," 613","Melfort",N,N,"",5,0,"McCrea","","Joseph","People's Party - PPC","Parti populaire - PPC",N,N,56
47006,"Prince Albert","Prince Albert"," 613","Melfort",N,N,"",5,0,"Schmitt","","Heather","Maverick Party","Maverick Party",N,N,5
47006,"Prince Albert","Prince Albert"," 614","Birch Hills",N,N,"",1,0,"Graham","","Hamish","Green Party","Parti Vert",N,N,8
47006,"Prince Albert","Prince Albert"," 614","Birch Hills",N,N,"",1,0,"Hjertaas","","Estelle","Liberal","Libéral",N,N,26
47006,"Prince Albert","Prince Albert"," 614","Birch Hills",N,N,"",1,0,"Hoback","","Randy","Conservative","Conservateur",Y,Y,399
47006,"Prince Albert","Prince Albert"," 614","Birch Hills",N,N,"",1,0,"MacDougall","","Ken","NDP-New Democratic Party","NPD-Nouveau Parti démocratique",N,N,73
47006,"Prince Albert","Prince Albert"," 614","Birch Hills",N,N,"",1,0,"McCrea","","Joseph","People's Party - PPC","Parti populaire - PPC",N,N,33
47006,"Prince Albert","Prince Albert"," 614","Birch Hills",N,N,"",1,0,"Schmitt","","Heather","Maverick Party","Maverick Party",N,N,8
47006,"Prince Albert","Prince Albert"," 615","Invergordon",N,N,"",1,0,"Graham","","Hamish","Green Party","Parti Vert",N,N,5
47006,"Prince Albert","Prince Albert"," 615","Invergordon",N,N,"",1,0,"Hjertaas","","Estelle","Liberal","Libéral",N,N,14
47006,"Prince Albert","Prince Albert"," 615","Invergordon",N,N,"",1,0,"Hoback","","Randy","Conservative","Conservateur",Y,Y,181
47006,"Prince Albert","Prince Albert"," 615","Invergordon",N,N,"",1,0,"MacDougall","","Ken","NDP-New Democratic Party","NPD-Nouveau Parti démocratique",N,N,28
47006,"Prince Albert","Prince Albert"," 615","Invergordon",N,N,"",1,0,"McCrea","","Joseph","People's Party - PPC","Parti populaire - PPC",N,N,10
47006,"Prince Albert","Prince Albert"," 615","Invergordon",N,N,"",1,0,"Schmitt","","Heather","Maverick Party","Maverick Party",N,N,3
47006,"Prince Albert","Prince Albert"," 616","Melfort",N,N,"",7,0,"Graham","","Hamish","Green Party","Parti Vert",N,N,8
47006,"Prince Albert","Prince Albert"," 616","Melfort",N,N,"",7,0,"Hjertaas","","Estelle","Liberal","Libéral",N,N,56
47006,"Prince Albert","Prince Albert"," 616","Melfort",N,N,"",7,0,"Hoback","","Randy","Conservative","Conservateur",Y,Y,569
47006,"Prince Albert","Prince Albert"," 616","Melfort",N,N,"",7,0,"MacDougall","","Ken","NDP-New Democratic Party","NPD-Nouveau Parti démocratique",N,N,92
47006,"Prince Albert","Prince Albert"," 616","Melfort",N,N,"",7,0,"McCrea","","Joseph","People's Party - PPC","Parti populaire - PPC",N,N,63
47006,"Prince Albert","Prince Albert"," 616","Melfort",N,N,"",7,0,"Schmitt","","Heather","Maverick Party","Maverick Party",N,N,8
47006,"Prince Albert","Prince Albert"," S/R 1","SVR Group 1/RÉS Groupe 1",N,N,"",22,185,"Graham","","Hamish","Green Party","Parti Vert",N,N,11
47006,"Prince Albert","Prince Albert"," S/R 1","SVR Group 1/RÉS Groupe 1",N,N,"",22,185,"Hjertaas","","Estelle","Liberal","Libéral",N,N,83
47006,"Prince Albert","Prince Albert"," S/R 1","SVR Group 1/RÉS Groupe 1",N,N,"",22,185,"Hoback","","Randy","Conservative","Conservateur",Y,Y,129
47006,"Prince Albert","Prince Albert"," S/R 1","SVR Group 1/RÉS Groupe 1",N,N,"",22,185,"MacDougall","","Ken","NDP-New Democratic Party","NPD-Nouveau Parti démocratique",N,N,79
47006,"Prince Albert","Prince Albert"," S/R 1","SVR Group 1/RÉS Groupe 1",N,N,"",22,185,"McCrea","","Joseph","People's Party - PPC","Parti populaire - PPC",N,N,20
47006,"Prince Albert","Prince Albert"," S/R 1","SVR Group 1/RÉS Groupe 1",N,N,"",22,185,"Schmitt","","Heather","Maverick Party","Maverick Party",N,N,5
47006,"Prince Albert","Prince Albert"," S/R 2","SVR Group 2/RÉS Groupe 2",N,N,"",32,0,"Graham","","Hamish","Green Party","Parti Vert",N,N,16
47006,"Prince Albert","Prince Albert"," S/R 2","SVR Group 2/RÉS Groupe 2",N,N,"",32,0,"Hjertaas","","Estelle","Liberal","Libéral",N,N,249
47006,"Prince Albert","Prince Albert"," S/R 2","SVR Group 2/RÉS Groupe 2",N,N,"",32,0,"Hoback","","Randy","Conservative","Conservateur",Y,Y,783
47006,"Prince Albert","Prince Albert"," S/R 2","SVR Group 2/RÉS Groupe 2",N,N,"",32,0,"MacDougall","","Ken","NDP-New Democratic Party","NPD-Nouveau Parti démocratique",N,N,279
47006,"Prince Albert","Prince Albert"," S/R 2","SVR Group 2/RÉS Groupe 2",N,N,"",32,0,"McCrea","","Joseph","People's Party - PPC","Parti populaire - PPC",N,N,43
47006,"Prince Albert","Prince Albert"," S/R 2","SVR Group 2/RÉS Groupe 2",N,N,"",32,0,"Schmitt","","Heather","Maverick Party","Maverick Party",N,N,23
